Sensor ID 	electronic compass(calibrate data)x	y	z	
161						-0.441034	-0.81722	0.16948
161						-0.627824	-1.11624	-0.0469605
161						-0.627824	-1.11624	-0.0469605
161						-0.627824	-1.11624	-0.0469605
161						-0.3635	-0.0826852	-0.0902486
161						-0.3635	-0.0826852	-0.0902486
161						-0.3635	-0.0826852	-0.0902486
161						-0.49919	-0.903995	0.16948
161						-0.49919	-0.903995	0.16948
161						-0.49919	-0.903995	0.16948
161						-0.443347	-0.646717	-0.0902486
161						-0.443347	-0.646717	-0.0902486
161						-0.443347	-0.646717	-0.0902486
161						-0.541288	-1.23092	0.0396155
161						-0.541288	-1.23092	0.0396155
161						-0.541288	-1.23092	0.0396155
161						-0.584109	-0.57542	-0.176825
161						-0.584109	-0.57542	-0.176825
161						-0.584109	-0.57542	-0.176825
161						-0.661109	-0.315098	-0.176825
161						-0.661109	-0.315098	-0.176825
161						-0.661109	-0.315098	-0.176825
161						-0.648055	-0.172504	-0.349977
161						-0.648055	-0.172504	-0.349977
161						-0.648055	-0.172504	-0.349977
161						-0.649673	-0.386395	-0.0902486
161						-0.649673	-0.386395	-0.0902486
161						-0.649673	-0.386395	-0.0902486
161						-0.739338	-0.665239	-0.436553
161						-0.739338	-0.665239	-0.436553
161						-0.739338	-0.665239	-0.436553
161						-0.563161	-1.11624	-0.0469605
161						-0.563161	-1.11624	-0.0469605
161						-0.748309	-0.586204	-0.479841
161						-0.748309	-0.586204	-0.479841
161						-0.748309	-0.586204	-0.479841
161						-0.924206	-0.566033	-0.609705
161						-0.924206	-0.566033	-0.609705
161						-0.924206	-0.566033	-0.609705
161						-1.01578	-0.328926	-0.739569
161						-1.01578	-0.328926	-0.739569
161						-1.01578	-0.328926	-0.739569
161						-0.798172	-0.838787	-0.436553
161						-0.798172	-0.838787	-0.436553
161						-0.798172	-0.838787	-0.436553
161						-0.66843	-0.792355	-0.176825
161						-0.66843	-0.792355	-0.176825
161						-0.66843	-0.792355	-0.176825
161						-0.640422	-0.896256	0.212768
161						-0.640422	-0.896256	0.212768
161						-0.640422	-0.896256	0.212768
161						-0.822127	0.0847734	-0.609705
161						-0.822127	0.0847734	-0.609705
161						-0.822127	0.0847734	-0.609705
161						-0.830818	-0.267017	-0.393265
161						-0.830818	-0.267017	-0.393265
161						-0.830818	-0.267017	-0.393265
161						-0.636731	-0.105901	-0.220113
161						-0.636731	-0.105901	-0.220113
161						-0.636731	-0.105901	-0.220113
161						-0.702001	-0.646717	-0.0902486
161						-0.702001	-0.646717	-0.0902486
161						-0.702001	-0.646717	-0.0902486
161						-1.03137	-0.0252167	-0.739569
161						-1.03137	-0.0252167	-0.739569
161						-1.03137	-0.0252167	-0.739569
161						-0.90088	-0.346052	-0.349977
161						-0.90088	-0.346052	-0.349977
161						-0.90088	-0.346052	-0.349977
161						-0.971429	-0.017478	-0.696281
161						-0.971429	-0.017478	-0.696281
161						-0.971429	-0.017478	-0.696281
161						-0.641922	-0.161721	-0.0469605
161						-0.641922	-0.161721	-0.0469605
161						-0.641922	-0.161721	-0.0469605
161						-0.810842	-0.164766	-0.306689
161						-0.810842	-0.164766	-0.306689
161						-0.810842	-0.164766	-0.306689
161						-1.20443	-0.0948645	-1.12916
161						-1.20443	-0.0948645	-1.12916
161						-1.20443	-0.0948645	-1.12916
161						-0.70689	-0.346052	-0.349977
161						-0.70689	-0.346052	-0.349977
161						-0.70689	-0.346052	-0.349977
161						-0.808252	-0.593942	-0.523129
161						-0.808252	-0.593942	-0.523129
161						-0.808252	-0.593942	-0.523129
161						-0.853635	-0.107297	-0.956009
161						-0.853635	-0.107297	-0.956009
161						-0.853635	-0.107297	-0.956009
161						-1.02017	-0.734887	-0.826145
161						-1.02017	-0.734887	-0.826145
161						-1.02017	-0.734887	-0.826145
161						-1.05269	-0.600032	-1.04259
161						-1.05269	-0.600032	-1.04259
161						-1.05269	-0.600032	-1.04259
161						-0.673925	-1.03251	-0.306689
161						-0.673925	-1.03251	-0.306689
161						-0.673925	-1.03251	-0.306689
161						-0.613695	-0.369268	-0.479841
161						-0.613695	-0.369268	-0.479841
161						-0.613695	-0.369268	-0.479841
161						-0.814687	-0.96121	-0.393265
161						-0.814687	-0.96121	-0.393265
161						-0.814687	-0.96121	-0.393265
161						-0.922549	-0.0360001	-1.04259
161						-0.922549	-0.0360001	-1.04259
161						-0.922549	-0.0360001	-1.04259
161						-1.04901	-0.896003	-0.999297
161						-1.04901	-0.896003	-0.999297
161						-1.04901	-0.896003	-0.999297
161						-0.641821	-1.21379	-0.349977
161						-0.641821	-1.21379	-0.349977
161						-0.641821	-1.21379	-0.349977
161						0.00570502	-0.017478	-0.696281
161						0.00570502	-0.017478	-0.696281
161						0.00570502	-0.017478	-0.696281
161						-0.0136111	0.438213	-1.30231
161						-0.0136111	0.438213	-1.30231
161						-0.0136111	0.438213	-1.30231
161						-0.135172	0.363871	-1.47547
161						-0.135172	0.363871	-1.47547
161						-0.067047	0.3437	-1.3456
161						-0.067047	0.3437	-1.3456
161						-0.067047	0.3437	-1.3456
161						0.0103288	-0.186332	-0.912721
161						0.0103288	-0.186332	-0.912721
161						0.0103288	-0.186332	-0.912721
161						0.153562	0.836435	-1.25903
161						0.153562	0.836435	-1.25903
161						0.153562	0.836435	-1.25903
161						0.0594207	-0.353791	-0.393265
161						0.0594207	-0.353791	-0.393265
161						0.0594207	-0.353791	-0.393265
161						-0.055425	-0.491691	-0.436553
161						-0.055425	-0.491691	-0.436553
161						-0.055425	-0.491691	-0.436553
161						-0.277573	-0.566033	-0.609705
161						-0.277573	-0.566033	-0.609705
161						-0.277573	-0.566033	-0.609705
161						-0.215446	-0.119729	-0.782857
161						-0.215446	-0.119729	-0.782857
161						-0.215446	-0.119729	-0.782857
161						-0.379437	-0.107297	-0.956009
161						-0.379437	-0.107297	-0.956009
161						-0.379437	-0.107297	-0.956009
161						-0.332659	-0.104252	-0.696281
161						-0.332659	-0.104252	-0.696281
161						-0.332659	-0.104252	-0.696281
161						-0.387698	-0.711671	-0.696281
161						-0.387698	-0.711671	-0.696281
161						-0.387698	-0.711671	-0.696281
161						-0.224966	-0.736536	-0.349977
161						-0.224966	-0.736536	-0.349977
161						-0.224966	-0.736536	-0.349977
161						-0.3693	-0.507168	-0.523129
161						-0.3693	-0.507168	-0.523129
161						-0.3693	-0.507168	-0.523129
161						-0.501489	-1.03251	-0.306689
161						-0.501489	-1.03251	-0.306689
161						-0.501489	-1.03251	-0.306689
161						-0.439212	-0.407962	-0.696281
161						-0.439212	-0.407962	-0.696281
161						-0.439212	-0.407962	-0.696281
161						-0.631982	-0.711671	-0.696281
161						-0.631982	-0.711671	-0.696281
161						-0.631982	-0.711671	-0.696281
161						-0.442433	-1.13476	-0.393265
161						-0.442433	-1.13476	-0.393265
161						-0.442433	-1.13476	-0.393265
161						-0.413407	-0.479258	-0.609705
161						-0.413407	-0.479258	-0.609705
161						-0.413407	-0.479258	-0.609705
161						-0.535175	-0.576816	-0.912721
161						-0.535175	-0.576816	-0.912721
161						-0.535175	-0.576816	-0.912721
161						-0.463908	-0.502474	-0.739569
161						-0.463908	-0.502474	-0.739569
161						-0.463908	-0.502474	-0.739569
161						-0.410623	-0.586204	-0.479841
161						-0.410623	-0.586204	-0.479841
161						-0.410623	-0.586204	-0.479841
161						-0.543651	0.180935	-1.04259
161						-0.543651	0.180935	-1.04259
161						-0.543651	0.180935	-1.04259
161						-0.818471	-0.654202	-1.3456
161						-0.818471	-0.654202	-1.3456
161						-0.456142	-0.576816	-0.912721
161						-0.456142	-0.576816	-0.912721
161						-0.456142	-0.576816	-0.912721
161						-0.108918	-0.431178	-0.826145
161						-0.108918	-0.431178	-0.826145
161						-0.108918	-0.431178	-0.826145
161						-0.0723163	-0.344403	-0.826145
161						-0.0723163	-0.344403	-0.826145
161						-0.0723163	-0.344403	-0.826145
161						0.433917	-0.243801	-0.263401
161						0.433917	-0.243801	-0.263401
161						0.433917	-0.243801	-0.263401
161						0.709691	0.419437	-0.436553
161						0.709691	0.419437	-0.436553
161						0.34757	0.365267	-0.739569
161						0.34757	0.365267	-0.739569
161						0.34757	0.365267	-0.739569
161						0.127678	0.275448	-0.999297
161						0.127678	0.275448	-0.999297
161						0.127678	0.275448	-0.999297
161						0.140279	-0.116685	-0.523129
161						0.140279	-0.116685	-0.523129
161						0.140279	-0.116685	-0.523129
161						0.353058	-0.480907	-0.133537
161						0.353058	-0.480907	-0.133537
161						0.353058	-0.480907	-0.133537
161						0.449323	0.0444312	-0.349977
161						0.449323	0.0444312	-0.349977
161						0.449323	0.0444312	-0.349977
161						-0.471563	-0.566033	-0.609705
161						-0.471563	-0.566033	-0.609705
161						-0.471563	-0.566033	-0.609705
161						-0.811211	-1.2804	-0.479841
161						-0.811211	-1.2804	-0.479841
161						-0.811211	-1.2804	-0.479841
161						-0.768077	-0.665239	-0.436553
161						-0.768077	-0.665239	-0.436553
161						-0.768077	-0.665239	-0.436553
161						-0.670255	-1.02946	-0.0469605
161						-0.670255	-1.02946	-0.0469605
161						-0.670255	-1.02946	-0.0469605
161						-0.275105	-0.730446	0.16948
161						-0.275105	-0.730446	0.16948
161						-0.275105	-0.730446	0.16948
161						-0.592141	-0.369268	-0.479841
161						-0.592141	-0.369268	-0.479841
161						-0.592141	-0.369268	-0.479841
161						-0.951934	-0.892958	-0.739569
161						-0.951934	-0.892958	-0.739569
161						-0.951934	-0.892958	-0.739569
161						-1.02679	-0.510213	-0.782857
161						-1.02679	-0.510213	-0.782857
161						-1.02679	-0.510213	-0.782857
161						-0.00219715	-0.420394	-0.523129
161						-0.00219715	-0.420394	-0.523129
161						-0.00219715	-0.420394	-0.523129
161						0.318074	-0.353791	-0.393265
161						0.318074	-0.353791	-0.393265
161						0.318074	-0.353791	-0.393265
161						-0.221483	0.0306029	-0.912721
161						-0.221483	0.0306029	-0.912721
161						-0.221483	0.0306029	-0.912721
161						-0.371072	-0.727148	-0.782857
161						-0.371072	-0.727148	-0.782857
161						-0.371072	-0.727148	-0.782857
161						-0.135624	-0.170855	-0.826145
161						-0.135624	-0.170855	-0.826145
161						-0.135624	-0.170855	-0.826145
161						0.280084	0.15607	-0.696281
161						0.280084	0.15607	-0.696281
161						0.280084	0.15607	-0.696281
161						0.325187	0.100251	-0.523129
161						0.325187	0.100251	-0.523129
161						0.325187	0.100251	-0.523129
161						0.00256281	-0.111991	-0.739569
161						0.00256281	-0.111991	-0.739569
161						0.00256281	-0.111991	-0.739569
161						-0.656072	-0.265368	-0.869433
161						-0.656072	-0.265368	-0.869433
161						-0.656072	-0.265368	-0.869433
161						-0.646351	-0.711671	-0.696281
161						-0.646351	-0.711671	-0.696281
161						-0.646351	-0.711671	-0.696281
161						-0.0651853	-0.36153	-0.436553
161						-0.0651853	-0.36153	-0.436553
161						-0.0651853	-0.36153	-0.436553
161						0.56438	0.0333945	0.559072
161						0.56438	0.0333945	0.559072
161						0.56438	0.0333945	0.559072
161						0.864022	0.526129	0.645648
161						0.864022	0.526129	0.645648
161						0.864022	0.526129	0.645648
161						0.381822	0.13425	-0.0902486
161						0.381822	0.13425	-0.0902486
161						0.381822	0.13425	-0.0902486
161						-0.389015	-0.569077	-0.869433
161						-0.389015	-0.569077	-0.869433
161						-0.389015	-0.569077	-0.869433
161						-0.155431	-0.566033	-0.609705
161						-0.155431	-0.566033	-0.609705
161						-0.155431	-0.566033	-0.609705
161						0.392315	0.107989	-0.479841
161						0.392315	0.107989	-0.479841
161						0.392315	0.107989	-0.479841
161						0.307693	-0.46543	-0.0469605
161						0.307693	-0.46543	-0.0469605
161						0.307693	-0.46543	-0.0469605
161						-0.125957	-0.634285	-0.263401
161						-0.125957	-0.634285	-0.263401
161						-0.125957	-0.634285	-0.263401
161						-0.583005	-0.569077	-0.869433
161						-0.583005	-0.569077	-0.869433
161						-0.583005	-0.569077	-0.869433
161						-0.338065	-1.26961	-0.176825
161						-0.338065	-1.26961	-0.176825
161						-0.338065	-1.26961	-0.176825
161						0.182918	-0.180243	-0.393265
161						0.182918	-0.180243	-0.393265
161						0.182918	-0.180243	-0.393265
161						0.178158	-0.488646	-0.176825
161						0.178158	-0.488646	-0.176825
161						0.178158	-0.488646	-0.176825
161						-0.125469	-1.04189	0.126192
161						-0.125469	-1.04189	0.126192
161						-0.125469	-1.04189	0.126192
161						-0.578754	-0.640374	-0.782857
161						-0.578754	-0.640374	-0.782857
161						-0.578754	-0.640374	-0.782857
161						-0.403926	-0.178594	-0.869433
161						-0.403926	-0.178594	-0.869433
161						-0.403926	-0.178594	-0.869433
161						-0.35911	-0.889913	-0.479841
161						-0.35911	-0.889913	-0.479841
161						-0.35911	-0.889913	-0.479841
161						0.100194	-0.970598	0.0396155
161						0.100194	-0.970598	0.0396155
161						0.100194	-0.970598	0.0396155
161						-0.164926	-0.567682	-0.133537
161						-0.164926	-0.567682	-0.133537
161						-0.164926	-0.567682	-0.133537
161						-0.93416	-0.758103	-0.956009
161						-0.93416	-0.758103	-0.956009
161						-0.93416	-0.758103	-0.956009
161						-0.752466	-0.181639	-1.12916
161						-0.752466	-0.181639	-1.12916
161						-0.752466	-0.181639	-1.12916
161						-0.500661	-0.767491	-0.523129
161						-0.500661	-0.767491	-0.523129
161						-0.500661	-0.767491	-0.523129
161						0.0500191	-0.0221718	-0.479841
161						0.0500191	-0.0221718	-0.479841
161						0.0500191	-0.0221718	-0.479841
161						0.0870695	-0.659149	0.0829036
161						0.0870695	-0.659149	0.0829036
161						0.0870695	-0.659149	0.0829036
161						-0.486141	-0.589248	-0.739569
161						-0.486141	-0.589248	-0.739569
161						-0.486141	-0.589248	-0.739569
161						-0.473087	-0.446655	-0.912721
161						-0.473087	-0.446655	-0.912721
161						-0.473087	-0.446655	-0.912721
161						-0.278251	-0.652807	-0.609705
161						-0.278251	-0.652807	-0.609705
161						-0.278251	-0.652807	-0.609705
161						0.015164	-0.504123	-0.263401
161						0.015164	-0.504123	-0.263401
161						0.015164	-0.504123	-0.263401
161						0.169284	-0.248495	-0.0469605
161						0.169284	-0.248495	-0.0469605
161						0.169284	-0.248495	-0.0469605
161						-0.422037	0.272403	-1.25903
161						-0.422037	0.272403	-1.25903
161						-0.422037	0.272403	-1.25903
161						-0.816452	-0.0948645	-1.12916
161						-0.816452	-0.0948645	-1.12916
161						-0.816452	-0.0948645	-1.12916
161						-0.169274	-0.6575	-0.393265
161						-0.169274	-0.6575	-0.393265
161						-0.169274	-0.6575	-0.393265
161						0.134881	-0.19572	-0.479841
161						0.134881	-0.19572	-0.479841
161						0.134881	-0.19572	-0.479841
161						-0.0943406	-0.407962	-0.696281
161						-0.0943406	-0.407962	-0.696281
161						-0.0943406	-0.407962	-0.696281
161						-0.572982	-0.658896	-1.12916
161						-0.572982	-0.658896	-1.12916
161						-0.572982	-0.658896	-1.12916
161						-0.580709	-0.268413	-1.12916
161						-0.580709	-0.268413	-1.12916
161						-0.580709	-0.268413	-1.12916
161						-0.389467	-1.1038	-0.220113
161						-0.389467	-1.1038	-0.220113
161						-0.389467	-1.1038	-0.220113
161						-0.234335	-1.1751	-0.133537
161						-0.234335	-1.1751	-0.133537
161						-0.234335	-1.1751	-0.133537
161						-0.0739161	-1.02946	-0.0469605
161						-0.0739161	-1.02946	-0.0469605
161						-0.0739161	-1.02946	-0.0469605
161						-0.116587	-0.19572	-0.479841
161						-0.116587	-0.19572	-0.479841
161						-0.116587	-0.19572	-0.479841
161						-0.574632	-0.102603	-1.17245
161						-0.574632	-0.102603	-1.17245
161						-0.574632	-0.102603	-1.17245
161						-0.645394	-1.05572	-0.436553
161						-0.645394	-1.05572	-0.436553
161						-0.645394	-1.05572	-0.436553
161						-0.208882	-0.36153	-0.436553
161						-0.208882	-0.36153	-0.436553
161						-0.208882	-0.36153	-0.436553
161						0.142324	-1.41386	0.472496
161						0.142324	-1.41386	0.472496
161						0.142324	-1.41386	0.472496
161						-0.210804	-0.759752	-0.479841
161						-0.210804	-0.759752	-0.479841
161						-0.563843	-1.03086	-0.782857
161						-0.563843	-1.03086	-0.782857
161						-0.563843	-1.03086	-0.782857
161						-0.656542	-0.328926	-0.739569
161						-0.656542	-0.328926	-0.739569
161						-0.656542	-0.328926	-0.739569
161						-0.813708	-0.517952	-0.826145
161						-0.813708	-0.517952	-0.826145
161						-0.813708	-0.517952	-0.826145
161						-0.184583	-0.784617	-0.133537
161						-0.184583	-0.784617	-0.133537
161						-0.184583	-0.784617	-0.133537
161						0.197984	-0.564637	0.126192
161						0.197984	-0.564637	0.126192
161						0.197984	-0.564637	0.126192
161						0.0595714	-0.175549	-0.609705
161						0.0595714	-0.175549	-0.609705
161						0.0595714	-0.175549	-0.609705
161						-0.484993	-0.438916	-0.869433
161						-0.484993	-0.438916	-0.869433
161						-0.484993	-0.438916	-0.869433
161						-0.789442	-0.170855	-0.826145
161						-0.789442	-0.170855	-0.826145
161						-0.789442	-0.170855	-0.826145
161						-0.571662	-0.973642	-0.220113
161						-0.571662	-0.973642	-0.220113
161						-0.571662	-0.973642	-0.220113
161						-0.197995	-1.12867	0.126192
161						-0.197995	-1.12867	0.126192
161						-0.197995	-1.12867	0.126192
161						-0.0105119	-1.04189	0.126192
161						-0.0105119	-1.04189	0.126192
161						-0.0105119	-1.04189	0.126192
161						-0.348951	-0.502474	-0.739569
161						-0.348951	-0.502474	-0.739569
161						-0.348951	-0.502474	-0.739569
161						-0.620245	-0.426484	-1.04259
161						-0.620245	-0.426484	-1.04259
161						-0.620245	-0.426484	-1.04259
161						-0.565604	-0.336665	-0.782857
161						-0.565604	-0.336665	-0.782857
161						-0.565604	-0.336665	-0.782857
161						-0.481904	-0.36153	-0.436553
161						-0.481904	-0.36153	-0.436553
161						-0.481904	-0.36153	-0.436553
161						-0.0447214	-0.666888	0.0396155
161						-0.0447214	-0.666888	0.0396155
161						-0.0447214	-0.666888	0.0396155
161						0.000324481	-0.567682	-0.133537
161						0.000324481	-0.567682	-0.133537
161						0.000324481	-0.567682	-0.133537
161						-0.483716	-0.897652	-0.523129
161						-0.483716	-0.897652	-0.523129
161						-0.483716	-0.897652	-0.523129
161						-0.610069	-0.510213	-0.782857
161						-0.610069	-0.510213	-0.782857
161						-0.610069	-0.510213	-0.782857
161						-0.757951	0.492383	-0.999297
161						-0.757951	0.492383	-0.999297
161						-0.757951	0.492383	-0.999297
161						-0.542787	-0.496385	-0.220113
161						-0.542787	-0.496385	-0.220113
161						-0.542787	-0.496385	-0.220113
161						-0.00390822	-0.967553	0.299344
161						-0.00390822	-0.967553	0.299344
161						-0.00390822	-0.967553	0.299344
161						0.019056	-0.776878	-0.0902486
161						0.019056	-0.776878	-0.0902486
161						0.019056	-0.776878	-0.0902486
161						-0.45776	-0.790706	-0.652993
161						-0.45776	-0.790706	-0.652993
161						-0.45776	-0.790706	-0.652993
161						-0.768565	-0.257629	-0.826145
161						-0.768565	-0.257629	-0.826145
161						-0.768565	-0.257629	-0.826145
161						-0.669101	0.207196	-0.652993
161						-0.669101	0.207196	-0.652993
161						-0.669101	0.207196	-0.652993
161						-0.512014	-0.236062	-0.220113
161						-0.512014	-0.236062	-0.220113
161						-0.512014	-0.236062	-0.220113
161						-0.305146	-0.886868	-0.220113
161						-0.305146	-0.886868	-0.220113
161						-0.305146	-0.886868	-0.220113
161						-0.321041	-0.767491	-0.523129
161						-0.321041	-0.767491	-0.523129
161						-0.321041	-0.767491	-0.523129
161						-0.429021	-0.790706	-0.652993
161						-0.429021	-0.790706	-0.652993
161						-0.429021	-0.790706	-0.652993
161						-0.851888	-0.502474	-0.739569
161						-0.851888	-0.502474	-0.739569
161						-0.851888	-0.502474	-0.739569
161						-0.941112	-0.119729	-0.782857
161						-0.941112	-0.119729	-0.782857
161						-0.941112	-0.119729	-0.782857
161						-0.894319	-0.4157	-0.739569
161						-0.894319	-0.4157	-0.739569
161						-0.894319	-0.4157	-0.739569
161						-0.434265	-0.863652	-0.0902486
161						-0.434265	-0.863652	-0.0902486
161						-0.434265	-0.863652	-0.0902486
161						-0.275051	-0.71332	-0.220113
161						-0.275051	-0.71332	-0.220113
161						-0.275051	-0.71332	-0.220113
161						-0.465017	-0.336665	-0.782857
161						-0.465017	-0.336665	-0.782857
161						-0.465017	-0.336665	-0.782857
161						-0.744284	-0.209548	-1.04259
161						-0.744284	-0.209548	-1.04259
161						-0.744284	-0.209548	-1.04259
161						-0.630945	-0.423439	-0.782857
161						-0.630945	-0.423439	-0.782857
161						-0.630945	-0.423439	-0.782857
161						-0.651861	-0.652807	-0.609705
161						-0.651861	-0.652807	-0.609705
161						-0.651861	-0.652807	-0.609705
161						-0.708206	-0.203459	-0.523129
161						-0.708206	-0.203459	-0.523129
161						-0.708206	-0.203459	-0.523129
161						-0.556479	-0.409611	-0.220113
161						-0.556479	-0.409611	-0.220113
161						-0.556479	-0.409611	-0.220113
161						-0.491815	-0.409611	-0.220113
161						-0.491815	-0.409611	-0.220113
161						-0.491815	-0.409611	-0.220113
161						-0.740016	-0.752013	-0.436553
161						-0.740016	-0.752013	-0.436553
161						-0.740016	-0.752013	-0.436553
161						-0.644239	0.180935	-1.04259
161						-0.644239	0.180935	-1.04259
161						-0.644239	0.180935	-1.04259
161						-0.801203	-1.0712	-0.523129
161						-0.801203	-1.0712	-0.523129
161						-0.801203	-1.0712	-0.523129
161						-0.65462	0.0692961	-0.696281
161						-0.65462	0.0692961	-0.696281
161						-0.65462	0.0692961	-0.696281
161						-0.481696	-0.338314	-0.306689
161						-0.481696	-0.338314	-0.306689
161						-0.481696	-0.338314	-0.306689
161						0.0214484	-0.315098	-0.176825
161						0.0214484	-0.315098	-0.176825
161						0.0214484	-0.315098	-0.176825
161						-0.539257	-0.798445	-0.696281
161						-0.539257	-0.798445	-0.696281
161						-0.539257	-0.798445	-0.696281
161						-0.617892	-0.280845	-0.956009
161						-0.617892	-0.280845	-0.956009
161						-0.617892	-0.280845	-0.956009
161						-0.523722	-1.11928	-0.306689
161						-0.523722	-1.11928	-0.306689
161						-0.523722	-1.11928	-0.306689
161						-0.144068	-0.183288	-0.652993
161						-0.144068	-0.183288	-0.652993
161						-0.144068	-0.183288	-0.652993
161						-0.0901618	-0.0252167	-0.739569
161						-0.0901618	-0.0252167	-0.739569
161						-0.0901618	-0.0252167	-0.739569
161						0.182861	-0.0252167	-0.739569
161						0.182861	-0.0252167	-0.739569
161						0.182861	-0.0252167	-0.739569
161						0.0710283	0.540464	-1.21574
161						0.0710283	0.540464	-1.21574
161						0.0710283	0.540464	-1.21574
161						0.203874	0.365267	-0.739569
161						0.203874	0.365267	-0.739569
161						0.203874	0.365267	-0.739569
161						0.314716	0.913821	-0.826145
161						0.314716	0.913821	-0.826145
161						0.314716	0.913821	-0.826145
161						0.276346	0.434915	-0.349977
161						0.276346	0.434915	-0.349977
161						0.276346	0.434915	-0.349977
161						-0.0469956	-0.180243	-0.393265
161						-0.0469956	-0.180243	-0.393265
161						-0.0469956	-0.180243	-0.393265
161						0.186079	-0.556898	0.16948
161						0.186079	-0.556898	0.16948
161						0.186079	-0.556898	0.16948
161						-0.0315175	-0.346052	-0.349977
161						-0.0315175	-0.346052	-0.349977
161						-0.0315175	-0.346052	-0.349977
161						0.0425868	-0.36153	-0.436553
161						0.0425868	-0.36153	-0.436553
161						0.0425868	-0.36153	-0.436553
161						0.0559987	-0.017478	-0.696281
161						0.0559987	-0.017478	-0.696281
161						0.0559987	-0.017478	-0.696281
161						0.113893	0.0289539	-0.436553
161						0.113893	0.0289539	-0.436553
161						0.113893	0.0289539	-0.436553
161						0.113083	-0.70723	0.299344
161						0.113083	-0.70723	0.299344
161						0.113083	-0.70723	0.299344
161						0.585034	0.22242	0.645648
161						0.585034	0.22242	0.645648
161						0.585034	0.22242	0.645648
161						0.353438	-0.92277	1.03524
161						0.353438	-0.92277	1.03524
161						0.353438	-0.92277	1.03524
161						0.229811	-0.48725	0.559072
161						0.229811	-0.48725	0.559072
161						0.229811	-0.48725	0.559072
161						0.133138	0.0273049	0.0396155
161						0.133138	0.0273049	0.0396155
161						0.0730047	-0.474818	0.38592
161						0.0730047	-0.474818	0.38592
161						0.0730047	-0.474818	0.38592
161						-0.160148	-0.730446	0.16948
161						-0.160148	-0.730446	0.16948
161						-0.160148	-0.730446	0.16948
161						-0.110945	-1.0358	0.645648
161						-0.110945	-1.0358	0.645648
161						-0.110945	-1.0358	0.645648
161						-0.00439257	-0.732095	0.645648
161						-0.00439257	-0.732095	0.645648
161						-0.00439257	-0.732095	0.645648
161						-0.174726	-0.753662	0.0396155
161						-0.174726	-0.753662	0.0396155
161						-0.174726	-0.753662	0.0396155
161						-0.269222	-0.886868	-0.220113
161						-0.269222	-0.886868	-0.220113
161						-0.269222	-0.886868	-0.220113
161						-0.714699	-0.4157	-0.739569
161						-0.714699	-0.4157	-0.739569
161						-0.714699	-0.4157	-0.739569
161						-0.609915	-0.504123	-0.263401
161						-0.609915	-0.504123	-0.263401
161						-0.609915	-0.504123	-0.263401
161						0.0048834	-0.626799	0.991952
161						0.0048834	-0.626799	0.991952
161						0.0048834	-0.626799	0.991952
161						-0.312256	-1.51306	0.645648
161						-0.312256	-1.51306	0.645648
161						-0.312256	-1.51306	0.645648
161						-0.443498	-0.824959	0.126192
161						-0.443498	-0.824959	0.126192
161						-0.443498	-0.824959	0.126192
161						-0.744794	-0.589248	-0.739569
161						-0.744794	-0.589248	-0.739569
161						-0.744794	-0.589248	-0.739569
161						-0.434427	0.515599	-0.869433
161						-0.434427	0.515599	-0.869433
161						-0.434427	0.515599	-0.869433
161						-0.63997	-0.36153	-0.436553
161						-0.63997	-0.36153	-0.436553
161						-0.63997	-0.36153	-0.436553
161						-0.759648	-0.353791	-0.393265
161						-0.759648	-0.353791	-0.393265
161						-0.759648	-0.353791	-0.393265
161						-0.331863	-0.499683	0.732224
161						-0.331863	-0.499683	0.732224
161						-0.331863	-0.499683	0.732224
161						-0.252113	-0.0967667	0.559072
161						-0.252113	-0.0967667	0.559072
161						-0.252113	-0.0967667	0.559072
161						-0.35944	-0.648366	0.38592
161						-0.35944	-0.648366	0.38592
161						-0.35944	-0.648366	0.38592
161						-0.212053	0.141989	-0.0469605
161						-0.212053	0.141989	-0.0469605
161						-0.212053	0.141989	-0.0469605
161						-0.25293	-0.488646	-0.176825
161						-0.25293	-0.488646	-0.176825
161						-0.25293	-0.488646	-0.176825
161						-0.188751	-0.253189	0.16948
161						-0.188751	-0.253189	0.16948
161						-0.188751	-0.253189	0.16948
161						-0.415659	-0.635934	0.212768
161						-0.415659	-0.635934	0.212768
161						-0.415659	-0.635934	0.212768
161						-0.294601	0.145034	0.212768
161						-0.294601	0.145034	0.212768
161						-0.294601	0.145034	0.212768
161						-0.440205	-0.552204	-0.0469605
161						-0.440205	-0.552204	-0.0469605
161						-0.440205	-0.552204	-0.0469605
161						-0.375614	-0.0981625	-0.176825
161						-0.375614	-0.0981625	-0.176825
161						-0.375614	-0.0981625	-0.176825
161						-0.581688	-0.711671	-0.696281
161						-0.581688	-0.711671	-0.696281
161						-0.581688	-0.711671	-0.696281
161						-0.520651	-0.570726	-0.393265
161						-0.520651	-0.570726	-0.393265
161						-0.520651	-0.570726	-0.393265
161						-0.605416	-0.236062	-0.220113
161						-0.605416	-0.236062	-0.220113
161						-0.605416	-0.236062	-0.220113
161						-0.318132	-0.270315	0.559072
161						-0.318132	-0.270315	0.559072
161						-0.318132	-0.270315	0.559072
161						-0.284033	-0.507421	0.688936
161						-0.284033	-0.507421	0.688936
161						-0.284033	-0.507421	0.688936
161						-0.419551	-0.363179	0.0396155
161						-0.419551	-0.363179	0.0396155
161						-0.419551	-0.363179	0.0396155
161						-0.630888	-0.578465	-0.436553
161						-0.630888	-0.578465	-0.436553
161						-0.630888	-0.578465	-0.436553
161						-0.83759	-0.0484326	-0.869433
161						-0.83759	-0.0484326	-0.869433
161						-0.83759	-0.0484326	-0.869433
161						-0.604251	-0.556898	0.16948
161						-0.604251	-0.556898	0.16948
161						-0.604251	-0.556898	0.16948
161						-0.516092	-0.629844	0.732224
161						-0.516092	-0.629844	0.732224
161						-0.516092	-0.629844	0.732224
161						-0.450672	0.089214	0.38592
161						-0.450672	0.089214	0.38592
161						-0.450672	0.089214	0.38592
161						-0.336131	0.0427822	0.126192
161						-0.336131	0.0427822	0.126192
161						-0.336131	0.0427822	0.126192
161						-0.206966	-1.04963	0.0829036
161						-0.206966	-1.04963	0.0829036
161						-0.206966	-1.04963	0.0829036
161						-0.496012	-0.321187	-0.696281
161						-0.496012	-0.321187	-0.696281
161						-0.496012	-0.321187	-0.696281
161						-0.575705	-0.87913	-0.176825
161						-0.575705	-0.87913	-0.176825
161						-0.575705	-0.87913	-0.176825
161						-0.426664	-0.81722	0.16948
161						-0.426664	-0.81722	0.16948
161						-0.426664	-0.81722	0.16948
161						-0.328333	-0.801743	0.256056
161						-0.328333	-0.801743	0.256056
161						-0.328333	-0.801743	0.256056
161						-0.141489	-0.485601	0.0829036
161						-0.141489	-0.485601	0.0829036
161						-0.141489	-0.485601	0.0829036
161						-0.446378	-0.87913	-0.176825
161						-0.446378	-0.87913	-0.176825
161						-0.446378	-0.87913	-0.176825
161						-0.552246	-0.00973937	-0.652993
161						-0.552246	-0.00973937	-0.652993
161						-0.552246	-0.00973937	-0.652993
161						-0.718325	-0.274756	-0.436553
161						-0.718325	-0.274756	-0.436553
161						-0.718325	-0.274756	-0.436553
161						-0.438903	-0.395782	0.342632
161						-0.438903	-0.395782	0.342632
161						-0.438903	-0.395782	0.342632
161						-0.362127	-0.380305	0.429208
161						-0.362127	-0.380305	0.429208
161						-0.362127	-0.380305	0.429208
161						-0.321338	-1.29613	0.645648
161						-0.321338	-1.29613	0.645648
161						-0.321338	-1.29613	0.645648
161						-0.167746	-0.949031	0.645648
161						-0.167746	-0.949031	0.645648
161						-0.167746	-0.949031	0.645648
161						-0.501672	-0.440565	-0.393265
161						-0.501672	-0.440565	-0.393265
161						-0.501672	-0.440565	-0.393265
161						-0.733358	-0.660545	-0.652993
161						-0.733358	-0.660545	-0.652993
161						-0.733358	-0.660545	-0.652993
161						-0.485929	-0.738185	0.126192
161						-0.485929	-0.738185	0.126192
161						-0.485929	-0.738185	0.126192
161						-0.367134	-1.02807	0.688936
161						-0.367134	-1.02807	0.688936
161						-0.367134	-1.02807	0.688936
161						0.191656	0.143385	0.688936
161						0.191656	0.143385	0.688936
161						0.191656	0.143385	0.688936
161						-0.17506	-0.339963	0.16948
161						-0.17506	-0.339963	0.16948
161						-0.17506	-0.339963	0.16948
161						-0.552978	-0.11364	-0.263401
161						-0.552978	-0.11364	-0.263401
161						-0.552978	-0.11364	-0.263401
161						-0.371855	-1.02033	0.732224
161						-0.371855	-1.02033	0.732224
161						-0.371855	-1.02033	0.732224
161						0.121415	0.484138	1.38154
161						0.121415	0.484138	1.38154
161						0.121415	0.484138	1.38154
161						-0.249354	-0.818869	0.645648
161						-0.249354	-0.818869	0.645648
161						-0.249354	-0.818869	0.645648
161						-0.357517	-0.250144	0.429208
161						-0.357517	-0.250144	0.429208
161						-0.357517	-0.250144	0.429208
161						-0.461623	-0.0749466	-0.0469605
161						-0.461623	-0.0749466	-0.0469605
161						-0.461623	-0.0749466	-0.0469605
161						-0.433498	0.769579	-0.176825
161						-0.433498	0.769579	-0.176825
161						-0.433498	0.769579	-0.176825
161						-0.0968303	0.0101786	0.429208
161						-0.0968303	0.0101786	0.429208
161						-0.0968303	0.0101786	0.429208
161						0.481061	-0.383603	1.38154
161						0.481061	-0.383603	1.38154
161						0.481061	-0.383603	1.38154
161						0.575611	-0.233271	1.25168
161						0.575611	-0.233271	1.25168
161						0.575611	-0.233271	1.25168
161						0.208257	-0.48725	0.559072
161						0.208257	-0.48725	0.559072
161						0.208257	-0.48725	0.559072
161						0.0896306	-0.490295	0.299344
161						0.0896306	-0.490295	0.299344
161						0.0896306	-0.490295	0.299344
161						0.0730047	-0.474818	0.38592
161						0.0730047	-0.474818	0.38592
161						0.0730047	-0.474818	0.38592
161						0.0909146	0.137295	0.16948
161						0.0909146	0.137295	0.16948
161						0.0909146	0.137295	0.16948
161						0.217404	0.227114	0.429208
161						0.217404	0.227114	0.429208
161						0.217404	0.227114	0.429208
161						0.22145	-0.0395513	1.12182
161						0.22145	-0.0395513	1.12182
161						0.22145	-0.0395513	1.12182
161						0.607614	0.637515	1.51141
161						0.607614	0.637515	1.51141
161						0.607614	0.637515	1.51141
161						0.292964	0.374148	1.25168
161						0.292964	0.374148	1.25168
161						0.292964	0.374148	1.25168
161						-0.426998	-0.403521	0.299344
161						-0.426998	-0.403521	0.299344
161						-0.426998	-0.403521	0.299344
161						-0.184476	0.290672	0.299344
161						-0.184476	0.290672	0.299344
161						-0.184476	0.290672	0.299344
161						-0.287456	-0.171108	0.38592
161						-0.287456	-0.171108	0.38592
161						-0.287456	-0.171108	0.38592
161						-0.109539	0.368059	0.732224
161						-0.109539	0.368059	0.732224
161						-0.109539	0.368059	0.732224
161						-0.363831	0.158862	0.775512
161						-0.363831	0.158862	0.775512
161						-0.363831	0.158862	0.775512
161						-0.592654	0.46422	0.299344
161						-0.592654	0.46422	0.299344
161						-0.592654	0.46422	0.299344
161						-0.698658	0.856353	-0.176825
161						-0.698658	0.856353	-0.176825
161						-0.698658	0.856353	-0.176825
161						-0.289314	0.361969	0.212768
161						-0.289314	0.361969	0.212768
161						-0.289314	0.361969	0.212768
161						-0.443904	0.0427822	0.126192
161						-0.443904	0.0427822	0.126192
161						-0.443904	0.0427822	0.126192
161						-0.204577	0.625336	0.472496
161						-0.204577	0.625336	0.472496
161						-0.204577	0.625336	0.472496
161						-0.216425	0.478049	0.862088
161						-0.216425	0.478049	0.862088
161						-0.215859	0.702723	0.905376
161						-0.215859	0.702723	0.905376
161						-0.215859	0.702723	0.905376
161						-0.61857	0.673417	0.256056
161						-0.61857	0.673417	0.256056
161						-0.61857	0.673417	0.256056
161						-0.974242	0.687498	-0.393265
161						-0.974242	0.687498	-0.393265
161						-0.974242	0.687498	-0.393265
161						-0.740077	0.616202	-0.306689
161						-0.740077	0.616202	-0.306689
161						-0.740077	0.616202	-0.306689
161						-0.588572	0.685849	0.0829036
161						-0.588572	0.685849	0.0829036
161						-0.588572	0.685849	0.0829036
161						-0.460974	0.609859	0.38592
161						-0.460974	0.609859	0.38592
161						-0.460974	0.609859	0.38592
161						-0.414196	0.612904	0.645648
161						-0.414196	0.612904	0.645648
161						-0.414196	0.612904	0.645648
161						-0.631512	0.392923	0.38592
161						-0.631512	0.392923	0.38592
161						-0.631512	0.392923	0.38592
161						-0.722189	0.441004	0.16948
161						-0.722189	0.441004	0.16948
161						-0.722189	0.441004	0.16948
161						-0.956396	0.368312	-0.479841
161						-0.956396	0.368312	-0.479841
161						-0.956396	0.368312	-0.479841
161						-0.712224	0.506212	-0.436553
161						-0.712224	0.506212	-0.436553
161						-0.712224	0.506212	-0.436553
161						-0.523909	0.685849	0.0829036
161						-0.523909	0.685849	0.0829036
161						-0.523909	0.685849	0.0829036
161						-0.551443	0.681156	0.299344
161						-0.551443	0.681156	0.299344
161						-0.551443	0.681156	0.299344
161						-0.238091	0.615948	0.905376
161						-0.238091	0.615948	0.905376
161						-0.238091	0.615948	0.905376
161						-0.4776	0.625336	0.472496
161						-0.4776	0.625336	0.472496
161						-0.4776	0.625336	0.472496
161						-0.752094	0.76184	-0.220113
161						-0.752094	0.76184	-0.220113
161						-0.752094	0.76184	-0.220113
161						-0.741505	0.896695	-0.436553
161						-0.741505	0.896695	-0.436553
161						-0.741505	0.896695	-0.436553
161						-0.547752	1.47151	-0.133537
161						-0.547752	1.47151	-0.133537
161						-0.547752	1.47151	-0.133537
161						-0.655413	1.33361	-0.176825
161						-0.655413	1.33361	-0.176825
161						-0.655413	1.33361	-0.176825
161						-0.317572	1.3397	0.342632
161						-0.317572	1.3397	0.342632
161						-0.317572	1.3397	0.342632
161						-0.377067	0.60821	0.862088
161						-0.377067	0.60821	0.862088
161						-0.377067	0.60821	0.862088
161						-0.531069	1.30101	0.126192
161						-0.531069	1.30101	0.126192
161						-0.531069	1.30101	0.126192
161						-0.559546	1.34135	-0.133537
161						-0.559546	1.34135	-0.133537
161						-0.559546	1.34135	-0.133537
161						-0.624417	1.31813	-0.263401
161						-0.624417	1.31813	-0.263401
161						-0.624417	1.31813	-0.263401
161						-0.632183	1.39247	-0.0902486
161						-0.632183	1.39247	-0.0902486
161						-0.632183	1.39247	-0.0902486
161						-0.302923	0.908874	0.60236
161						-0.302923	0.908874	0.60236
161						-0.302923	0.908874	0.60236
161						-0.434563	1.07938	0.342632
161						-0.434563	1.07938	0.342632
161						-0.434563	1.07938	0.342632
161						-0.598666	1.22971	0.212768
161						-0.598666	1.22971	0.212768
161						-0.500543	1.22197	0.16948
161						-0.500543	1.22197	0.16948
161						-0.500543	1.22197	0.16948
161						-0.641043	1.33361	-0.176825
161						-0.641043	1.33361	-0.176825
161						-0.641043	1.33361	-0.176825
161						-0.755763	0.758795	-0.479841
161						-0.755763	0.758795	-0.479841
161						-0.755763	0.758795	-0.479841
161						-0.425696	-0.247099	0.688936
161						-0.425696	-0.247099	0.688936
161						-0.425696	-0.247099	0.688936
161						-0.524027	-0.262576	0.60236
161						-0.524027	-0.262576	0.60236
161						-0.524027	-0.262576	0.60236
161						-0.365204	0.456482	0.256056
161						-0.365204	0.456482	0.256056
161						-0.365204	0.456482	0.256056
161						-0.285572	-0.089028	0.60236
161						-0.285572	-0.089028	0.60236
161						-0.285572	-0.089028	0.60236
161						-0.304289	-0.178847	0.342632
161						-0.304289	-0.178847	0.342632
161						-0.304289	-0.178847	0.342632
161						-0.737885	-0.330575	-0.263401
161						-0.737885	-0.330575	-0.263401
161						-0.737885	-0.330575	-0.263401
161						-0.697646	0.529427	-0.306689
161						-0.697646	0.529427	-0.306689
161						-0.697646	0.529427	-0.306689
161						-0.513015	1.00504	0.16948
161						-0.513015	1.00504	0.16948
161						-0.513015	1.00504	0.16948
161						-0.414795	1.15841	0.299344
161						-0.414795	1.15841	0.299344
161						-0.414795	1.15841	0.299344
161						-0.104474	0.860793	0.8188
161						-0.104474	0.860793	0.8188
161						-0.104474	0.860793	0.8188
161						-0.384158	0.941478	0.299344
161						-0.384158	0.941478	0.299344
161						-0.384158	0.941478	0.299344
161						-0.442587	-0.0998115	0.299344
161						-0.442587	-0.0998115	0.299344
161						-0.442587	-0.0998115	0.299344
161						-0.408449	-0.020776	0.256056
161						-0.408449	-0.020776	0.256056
161						-0.408449	-0.020776	0.256056
161						-0.597999	0.402311	-0.0469605
161						-0.597999	0.402311	-0.0469605
161						-0.597999	0.402311	-0.0469605
161						0.00471482	-0.333873	0.688936
161						0.00471482	-0.333873	0.688936
161						0.00471482	-0.333873	0.688936
161						0.07176	-0.786266	0.342632
161						0.07176	-0.786266	0.342632
161						0.07176	-0.786266	0.342632
161						0.0478202	-0.161721	-0.0469605
161						0.0478202	-0.161721	-0.0469605
161						0.0478202	-0.161721	-0.0469605
161						-0.166243	-0.425088	-0.306689
161						-0.166243	-0.425088	-0.306689
161						-0.166243	-0.425088	-0.306689
161						-0.318296	-1.19058	-0.220113
161						-0.318296	-1.19058	-0.220113
161						-0.318296	-1.19058	-0.220113
161						-0.390765	-1.43238	0.126192
161						-0.390765	-1.43238	0.126192
161						-0.390765	-1.43238	0.126192
161						-0.27682	-1.10545	0.256056
161						-0.27682	-1.10545	0.256056
161						-0.27682	-1.10545	0.256056
161						-0.0715057	-1.03885	0.38592
161						-0.0715057	-1.03885	0.38592
161						-0.0715057	-1.03885	0.38592
161						-0.450062	-0.583159	-0.220113
161						-0.450062	-0.583159	-0.220113
161						-0.450062	-0.583159	-0.220113
161						-0.727418	-0.971993	-0.696281
161						-0.727418	-0.971993	-0.696281
161						-0.727418	-0.971993	-0.696281
161						-0.632771	-0.660545	-0.652993
161						-0.632771	-0.660545	-0.652993
161						-0.632771	-0.660545	-0.652993
161						-0.463643	-0.634285	-0.263401
161						-0.463643	-0.634285	-0.263401
161						-0.463643	-0.634285	-0.263401
161						-0.381317	-0.36153	-0.436553
161						-0.381317	-0.36153	-0.436553
161						-0.381317	-0.36153	-0.436553
161						-0.213982	-1.34256	0.38592
161						-0.213982	-1.34256	0.38592
161						-0.213982	-1.34256	0.38592
161						-0.0750784	-0.880779	0.299344
161						-0.0750784	-0.880779	0.299344
161						-0.0750784	-0.880779	0.299344
161						-0.295967	-0.942688	-0.0469605
161						-0.295967	-0.942688	-0.0469605
161						-0.295967	-0.942688	-0.0469605
161						-0.443652	-0.831049	-0.393265
161						-0.443652	-0.831049	-0.393265
161						-0.443652	-0.831049	-0.393265
161						-0.537543	-0.423439	-0.782857
161						-0.537543	-0.423439	-0.782857
161						-0.537543	-0.423439	-0.782857
161						-0.293105	-0.417349	-0.263401
161						-0.293105	-0.417349	-0.263401
161						-0.293105	-0.417349	-0.263401
161						-0.334219	-0.473169	-0.0902486
161						-0.334219	-0.473169	-0.0902486
161						-0.334219	-0.473169	-0.0902486
161						-0.0989035	-0.566286	0.60236
161						-0.0989035	-0.566286	0.60236
161						-0.0989035	-0.566286	0.60236
161						-0.108872	-0.45934	0.472496
161						-0.108872	-0.45934	0.472496
161						-0.108872	-0.45934	0.472496
161						-0.134246	-0.640627	0.429208
161						-0.134246	-0.640627	0.429208
161						-0.134246	-0.640627	0.429208
161						-0.376109	-0.776878	-0.0902486
161						-0.376109	-0.776878	-0.0902486
161						-0.376109	-0.776878	-0.0902486
161						-0.329029	-0.417349	-0.263401
161						-0.329029	-0.417349	-0.263401
161						-0.329029	-0.417349	-0.263401
161						-0.366531	-0.315098	-0.176825
161						-0.366531	-0.315098	-0.176825
161						-0.366531	-0.315098	-0.176825
161						-0.61828	0.115728	-0.436553
161						-0.61828	0.115728	-0.436553
161						-0.61828	0.115728	-0.436553
161						-0.317439	-0.482556	0.342632
161						-0.317439	-0.482556	0.342632
161						-0.317439	-0.482556	0.342632
161						-0.169077	-0.507421	0.688936
161						-0.169077	-0.507421	0.688936
161						-0.169077	-0.507421	0.688936
161						-0.375596	-0.569331	0.342632
161						-0.375596	-0.569331	0.342632
161						-0.375596	-0.569331	0.342632
161						-0.501895	-0.164766	-0.306689
161						-0.501895	-0.164766	-0.306689
161						-0.501895	-0.164766	-0.306689
161						-0.567986	0.115728	-0.436553
161						-0.567986	0.115728	-0.436553
161						-0.567986	0.115728	-0.436553
161						-0.427278	0.0273049	0.0396155
161						-0.427278	0.0273049	0.0396155
161						-0.427278	0.0273049	0.0396155
161						-0.501447	-0.888517	0.256056
161						-0.501447	-0.888517	0.256056
161						-0.501447	-0.888517	0.256056
161						-0.229475	-0.877734	0.559072
161						-0.229475	-0.877734	0.559072
161						-0.229475	-0.877734	0.559072
161						-0.176326	-1.43872	0.8188
161						-0.176326	-1.43872	0.8188
161						-0.176326	-1.43872	0.8188
161						-0.404044	-1.12702	-0.349977
161						-0.404044	-1.12702	-0.349977
161						-0.404044	-1.12702	-0.349977
161						-0.295515	-0.407962	-0.696281
161						-0.295515	-0.407962	-0.696281
161						-0.295515	-0.407962	-0.696281
161						-0.381342	-0.976687	-0.479841
161						-0.381342	-0.976687	-0.479841
161						-0.381342	-0.976687	-0.479841
161						-0.303999	-0.736536	-0.349977
161						-0.303999	-0.736536	-0.349977
161						-0.303999	-0.736536	-0.349977
161						-0.113355	-1.02642	0.212768
161						-0.113355	-1.02642	0.212768
161						-0.113355	-1.02642	0.212768
161						-0.109912	-0.57542	-0.176825
161						-0.109912	-0.57542	-0.176825
161						-0.109912	-0.57542	-0.176825
161						-0.187725	-0.87913	-0.176825
161						-0.187725	-0.87913	-0.176825
161						-0.187725	-0.87913	-0.176825
161						-0.291344	-1.11154	-0.263401
161						-0.291344	-1.11154	-0.263401
161						-0.291344	-1.11154	-0.263401
161						-0.281296	-0.586204	-0.479841
161						-0.281296	-0.586204	-0.479841
161						-0.281296	-0.586204	-0.479841
161						-0.426765	-0.806184	-0.739569
161						-0.426765	-0.806184	-0.739569
161						-0.426765	-0.806184	-0.739569
161						-0.153491	-0.638978	-0.0469605
161						-0.153491	-0.638978	-0.0469605
161						-0.153491	-0.638978	-0.0469605
161						-0.108746	-0.896256	0.212768
161						-0.108746	-0.896256	0.212768
161						-0.108746	-0.896256	0.212768
161						-0.0511315	-0.418998	0.212768
161						-0.0511315	-0.418998	0.212768
161						-0.0511315	-0.418998	0.212768
161						-0.185451	-1.36577	0.256056
161						-0.185451	-1.36577	0.256056
161						-0.185451	-1.36577	0.256056
161						-0.570461	-0.806184	-0.739569
161						-0.570461	-0.806184	-0.739569
161						-0.570461	-0.806184	-0.739569
161						-0.558555	-0.813922	-0.782857
161						-0.558555	-0.813922	-0.782857
161						-0.558555	-0.813922	-0.782857
161						-0.498197	-0.759752	-0.479841
161						-0.498197	-0.759752	-0.479841
161						-0.498197	-0.759752	-0.479841
161						-0.418651	-0.552204	-0.0469605
161						-0.418651	-0.552204	-0.0469605
161						-0.418651	-0.552204	-0.0469605
161						-0.273581	-0.849824	0.472496
161						-0.273581	-0.849824	0.472496
161						-0.194907	-1.05128	0.559072
161						-0.194907	-1.05128	0.559072
161						-0.194907	-1.05128	0.559072
161						-0.504327	-0.942688	-0.0469605
161						-0.504327	-0.942688	-0.0469605
161						-0.504327	-0.942688	-0.0469605
161						-0.587087	-0.790706	-0.652993
161						-0.587087	-0.790706	-0.652993
161						-0.587087	-0.790706	-0.652993
161						-0.620148	-0.265368	-0.869433
161						-0.620148	-0.265368	-0.869433
161						-0.620148	-0.265368	-0.869433
161						-0.53628	-0.583159	-0.220113
161						-0.53628	-0.583159	-0.220113
161						-0.53628	-0.583159	-0.220113
161						-0.283883	-0.329179	0.472496
161						-0.283883	-0.329179	0.472496
161						-0.283883	-0.329179	0.472496
161						-0.370667	-0.553853	0.429208
161						-0.370667	-0.553853	0.429208
161						-0.370667	-0.553853	0.429208
161						-0.557641	-0.260927	0.126192
161						-0.557641	-0.260927	0.126192
161						-0.557641	-0.260927	0.126192
161						-0.666507	-0.394133	-0.133537
161						-0.666507	-0.394133	-0.133537
161						-0.666507	-0.394133	-0.133537
161						-0.852788	-0.313449	-0.652993
161						-0.852788	-0.313449	-0.652993
161						-0.852788	-0.313449	-0.652993
161						-1.05485	-0.423439	-0.782857
161						-1.05485	-0.423439	-0.782857
161						-1.05485	-0.423439	-0.782857
161						-0.835234	-0.0749466	-0.0469605
161						-0.835234	-0.0749466	-0.0469605
161						-0.835234	-0.0749466	-0.0469605
161						-0.739589	0.208592	0.0829036
161						-0.739589	0.208592	0.0829036
161						-0.739589	0.208592	0.0829036
161						-0.683729	-0.00529874	0.342632
161						-0.683729	-0.00529874	0.342632
161						-0.683729	-0.00529874	0.342632
161						-0.597303	0.0179172	0.472496
161						-0.597303	0.0179172	0.472496
161						-0.597303	0.0179172	0.472496
161						-0.886446	0.585247	-0.479841
161						-0.886446	0.585247	-0.479841
161						-0.886446	0.585247	-0.479841
161						-0.950625	0.34979	-0.826145
161						-0.950625	0.34979	-0.826145
161						-0.950625	0.34979	-0.826145
161						-1.08181	0.882867	-0.999297
161						-1.08181	0.882867	-0.999297
161						-1.08181	0.882867	-0.999297
161						-0.647837	0.764885	0.0396155
161						-0.647837	0.764885	0.0396155
161						-0.647837	0.764885	0.0396155
161						-0.586011	0.854704	0.299344
161						-0.586011	0.854704	0.299344
161						-0.586011	0.854704	0.299344
161						-0.590796	-0.0688569	0.472496
161						-0.590796	-0.0688569	0.472496
161						-0.590796	-0.0688569	0.472496
161						-0.448136	-0.357089	0.559072
161						-0.448136	-0.357089	0.559072
161						-0.448136	-0.357089	0.559072
161						-0.621045	-0.248495	-0.0469605
161						-0.621045	-0.248495	-0.0469605
161						-0.621045	-0.248495	-0.0469605
161						-0.679865	-0.721059	-0.263401
161						-0.679865	-0.721059	-0.263401
161						-0.679865	-0.721059	-0.263401
161						-0.743987	-1.11154	-0.263401
161						-0.743987	-1.11154	-0.263401
161						-0.743987	-1.11154	-0.263401
161						-0.573933	-0.659149	0.0829036
161						-0.573933	-0.659149	0.0829036
161						-0.573933	-0.659149	0.0829036
161						-0.241395	-0.57098	0.8188
161						-0.241395	-0.57098	0.8188
161						-0.241395	-0.57098	0.8188
161						-0.343148	-0.250144	0.429208
161						-0.343148	-0.250144	0.429208
161						-0.343148	-0.250144	0.429208
161						-0.800626	0.0676471	-0.220113
161						-0.800626	0.0676471	-0.220113
161						-0.800626	0.0676471	-0.220113
161						-0.800931	-0.116685	-0.523129
161						-0.800931	-0.116685	-0.523129
161						-0.800931	-0.116685	-0.523129
161						-0.823013	-0.0252167	-0.739569
161						-0.823013	-0.0252167	-0.739569
161						-0.823013	-0.0252167	-0.739569
161						-0.867269	-0.175549	-0.609705
161						-0.867269	-0.175549	-0.609705
161						-0.867269	-0.175549	-0.609705
161						-0.573628	-0.474818	0.38592
161						-0.573628	-0.474818	0.38592
161						-0.573628	-0.474818	0.38592
161						-0.515336	0.089214	0.38592
161						-0.515336	0.089214	0.38592
161						-0.515336	0.089214	0.38592
161						-0.3947	-0.262576	0.60236
161						-0.3947	-0.262576	0.60236
161						-0.3947	-0.262576	0.60236
161						-0.616325	-0.256233	-0.0902486
161						-0.616325	-0.256233	-0.0902486
161						-0.616325	-0.256233	-0.0902486
161						-0.64091	-0.488646	-0.176825
161						-0.64091	-0.488646	-0.176825
161						-0.64091	-0.488646	-0.176825
161						-0.721801	0.0444312	-0.349977
161						-0.721801	0.0444312	-0.349977
161						-0.721801	0.0444312	-0.349977
161						-0.538246	-0.0843342	0.38592
161						-0.538246	-0.0843342	0.38592
161						-0.538246	-0.0843342	0.38592
161						-0.420688	0.400662	0.429208
161						-0.420688	0.400662	0.429208
161						-0.420688	0.400662	0.429208
161						-0.486733	-0.388044	0.38592
161						-0.486733	-0.388044	0.38592
161						-0.486733	-0.388044	0.38592
161						-0.515099	-0.485601	0.0829036
161						-0.515099	-0.485601	0.0829036
161						-0.515099	-0.485601	0.0829036
161						-0.220012	-0.105901	-0.220113
161						-0.220012	-0.105901	-0.220113
161						-0.220012	-0.105901	-0.220113
161						0.293198	-0.0285147	0.212768
161						0.293198	-0.0285147	0.212768
161						0.293198	-0.0285147	0.212768
161						0.327217	-0.897905	0.688936
161						0.327217	-0.897905	0.688936
161						0.327217	-0.897905	0.688936
161						0.421434	-0.333873	0.688936
161						0.421434	-0.333873	0.688936
161						0.421434	-0.333873	0.688936
161						-0.221877	-0.659149	0.0829036
161						-0.221877	-0.659149	0.0829036
161						-0.221877	-0.659149	0.0829036
161						-0.365477	-0.498034	0.256056
161						-0.365477	-0.498034	0.256056
161						-0.365477	-0.498034	0.256056
161						-0.736777	-0.496385	-0.220113
161						-0.736777	-0.496385	-0.220113
161						-0.736777	-0.496385	-0.220113
161						-0.667146	-0.164766	-0.306689
161						-0.667146	-0.164766	-0.306689
161						-0.667146	-0.164766	-0.306689
161						-0.613125	-0.316747	0.299344
161						-0.613125	-0.316747	0.299344
161						-0.613125	-0.316747	0.299344
161						-0.564385	0.400662	0.429208
161						-0.564385	0.400662	0.429208
161						-0.564385	0.400662	0.429208
161						-0.370657	0.36032	0.688936
161						-0.370657	0.36032	0.688936
161						-0.370657	0.36032	0.688936
161						-0.431733	-0.0967667	0.559072
161						-0.431733	-0.0967667	0.559072
161						-0.431733	-0.0967667	0.559072
161						-0.472514	-0.566286	0.60236
161						-0.472514	-0.566286	0.60236
161						-0.472514	-0.566286	0.60236
161						-0.664154	-0.248495	-0.0469605
161						-0.664154	-0.248495	-0.0469605
161						-0.664154	-0.248495	-0.0469605
161						-0.587474	-0.394133	-0.133537
161						-0.587474	-0.394133	-0.133537
161						-0.587474	-0.394133	-0.133537
161						-0.703141	0.289276	-0.436553
161						-0.703141	0.289276	-0.436553
161						-0.703141	0.289276	-0.436553
161						-0.713235	0.833137	-0.306689
161						-0.713235	0.833137	-0.306689
161						-0.713235	0.833137	-0.306689
161						-0.331257	0.0411331	0.60236
161						-0.331257	0.0411331	0.60236
161						-0.331257	0.0411331	0.60236
161						-0.43608	-0.186586	0.299344
161						-0.43608	-0.186586	0.299344
161						-0.43608	-0.186586	0.299344
161						-0.539699	-0.418998	0.212768
161						-0.539699	-0.418998	0.212768
161						-0.539699	-0.418998	0.212768
161						-0.635304	-0.386395	-0.0902486
161						-0.635304	-0.386395	-0.0902486
161						-0.635304	-0.386395	-0.0902486
161						-0.873457	-0.203459	-0.523129
161						-0.873457	-0.203459	-0.523129
161						-0.873457	-0.203459	-0.523129
161						-0.534372	0.114079	0.0396155
161						-0.534372	0.114079	0.0396155
161						-0.534372	0.114079	0.0396155
161						-0.498071	-0.155631	0.472496
161						-0.498071	-0.155631	0.472496
161						-0.498071	-0.155631	0.472496
161						-0.120264	-0.244054	0.948664
161						-0.120264	-0.244054	0.948664
161						-0.120264	-0.244054	0.948664
161						-0.176125	-0.0301637	0.688936
161						-0.176125	-0.0301637	0.688936
161						-0.176125	-0.0301637	0.688936
161						-0.660151	-0.659149	0.0829036
161						-0.660151	-0.659149	0.0829036
161						-0.660151	-0.659149	0.0829036
161						-0.785923	-0.346052	-0.349977
161						-0.785923	-0.346052	-0.349977
161						-0.785923	-0.346052	-0.349977
161						-0.675686	-0.338314	-0.306689
161						-0.675686	-0.338314	-0.306689
161						-0.675686	-0.338314	-0.306689
161						-0.541973	0.0676471	-0.220113
161						-0.541973	0.0676471	-0.220113
161						-0.541973	0.0676471	-0.220113
161						0.02958	-0.532286	1.03524
161						0.02958	-0.532286	1.03524
161						0.02958	-0.532286	1.03524
161						0.217963	-0.634538	0.948664
161						0.217963	-0.634538	0.948664
161						0.217963	-0.634538	0.948664
161						0.134544	-1.0405	0.862088
161						0.134544	-1.0405	0.862088
161						0.134544	-1.0405	0.862088
161						0.137517	-0.65306	0.60236
161						0.137517	-0.65306	0.60236
161						0.137517	-0.65306	0.60236
161						0.06898	-0.851473	0.948664
161						0.06898	-0.851473	0.948664
161						0.06898	-0.851473	0.948664
161						0.191674	-0.327783	1.20839
161						0.191674	-0.327783	1.20839
161						0.191674	-0.327783	1.20839
161						-0.0347819	-0.175802	0.60236
161						-0.0347819	-0.175802	0.60236
161						-0.0347819	-0.175802	0.60236
161						-0.155744	-0.795653	0.775512
161						-0.155744	-0.795653	0.775512
161						-0.155744	-0.795653	0.775512
161						-0.755533	-0.902346	-0.306689
161						-0.755533	-0.902346	-0.306689
161						-0.755533	-0.902346	-0.306689
161						-0.654466	0.0753857	-0.176825
161						-0.654466	0.0753857	-0.176825
161						-0.654466	0.0753857	-0.176825
161						-0.422123	-0.40517	0.775512
161						-0.422123	-0.40517	0.775512
161						-0.422123	-0.40517	0.775512
161						-0.182352	-0.374215	0.948664
161						-0.182352	-0.374215	0.948664
161						-0.182352	-0.374215	0.948664
161						-0.192679	-0.468728	0.905376
161						-0.192679	-0.468728	0.905376
161						-0.192679	-0.468728	0.905376
161						-0.446863	-0.643672	0.16948
161						-0.446863	-0.643672	0.16948
161						-0.446863	-0.643672	0.16948
161						-0.793882	-0.593942	-0.523129
161						-0.793882	-0.593942	-0.523129
161						-0.793882	-0.593942	-0.523129
161						-0.689378	-0.25154	-0.306689
161						-0.689378	-0.25154	-0.306689
161						-0.689378	-0.25154	-0.306689
161						-0.406437	-0.547764	0.948664
161						-0.406437	-0.547764	0.948664
161						-0.301553	0.783407	0.38592
161						-0.301553	0.783407	0.38592
161						-0.301553	0.783407	0.38592
161						-0.314351	-0.40517	0.775512
161						-0.314351	-0.40517	0.775512
161						-0.314351	-0.40517	0.775512
161						-0.616852	-0.164766	-0.306689
161						-0.616852	-0.164766	-0.306689
161						-0.616852	-0.164766	-0.306689
161						-0.703923	-1.04494	-0.133537
161						-0.703923	-1.04494	-0.133537
161						-0.703923	-1.04494	-0.133537
161						-0.5384	-0.0904239	-0.133537
161						-0.5384	-0.0904239	-0.133537
161						-0.5384	-0.0904239	-0.133537
161						-0.37136	-0.341612	0.645648
161						-0.37136	-0.341612	0.645648
161						-0.37136	-0.341612	0.645648
161						0.0721328	0.157213	1.25168
161						0.0721328	0.157213	1.25168
161						0.0721328	0.157213	1.25168
161						0.100736	-0.320045	1.25168
161						0.100736	-0.320045	1.25168
161						0.100736	-0.320045	1.25168
161						-0.340231	0.292321	-0.176825
161						-0.340231	0.292321	-0.176825
161						-0.340231	0.292321	-0.176825
161						-0.797867	-0.654456	-0.133537
161						-0.797867	-0.654456	-0.133537
161						-0.797867	-0.654456	-0.133537
161						-0.62456	-0.24545	0.212768
161						-0.62456	-0.24545	0.212768
161						-0.62456	-0.24545	0.212768
161						-0.39592	0.0411331	0.60236
161						-0.39592	0.0411331	0.60236
161						-0.39592	0.0411331	0.60236
161						-0.0680876	-0.161974	1.1651
161						-0.0680876	-0.161974	1.1651
161						-0.0680876	-0.161974	1.1651
161						-0.33833	-0.0967667	0.559072
161						-0.33833	-0.0967667	0.559072
161						-0.33833	-0.0967667	0.559072
161						-0.752589	0.0831244	-0.133537
161						-0.752589	0.0831244	-0.133537
161						-0.752589	0.0831244	-0.133537
161						-0.839746	-0.043992	0.126192
161						-0.839746	-0.043992	0.126192
161						-0.839746	-0.043992	0.126192
161						-0.621601	0.441004	0.16948
161						-0.621601	0.441004	0.16948
161						-0.621601	0.441004	0.16948
161						-0.300785	-0.0550286	1.03524
161						-0.300785	-0.0550286	1.03524
161						-0.300785	-0.0550286	1.03524
161						0.200337	0.622038	1.42483
161						0.200337	0.622038	1.42483
161						0.200337	0.622038	1.42483
161						-0.0647229	-0.343261	1.12182
161						-0.0647229	-0.343261	1.12182
161						-0.0647229	-0.343261	1.12182
161						-0.120458	-0.566286	0.60236
161						-0.120458	-0.566286	0.60236
161						-0.120458	-0.566286	0.60236
161						-0.111885	-1.16292	0.905376
161						-0.111885	-1.16292	0.905376
161						-0.111885	-1.16292	0.905376
161						-0.237162	-0.171108	0.38592
161						-0.237162	-0.171108	0.38592
161						-0.237162	-0.171108	0.38592
161						0.0756087	-0.161974	1.1651
161						0.0756087	-0.161974	1.1651
161						0.0756087	-0.161974	1.1651
161						0.433231	-0.375864	1.42483
161						0.433231	-0.375864	1.42483
161						0.433231	-0.375864	1.42483
161						0.182854	-0.0705059	0.948664
161						0.182854	-0.0705059	0.948664
161						0.182854	-0.0705059	0.948664
161						-0.349905	-0.330575	-0.263401
161						-0.349905	-0.330575	-0.263401
161						-0.349905	-0.330575	-0.263401
161						-0.44692	-0.488646	-0.176825
161						-0.44692	-0.488646	-0.176825
161						-0.44692	-0.488646	-0.176825
161						-0.358274	-0.969202	0.775512
161						-0.358274	-0.969202	0.775512
161						-0.358274	-0.969202	0.775512
161						-0.353833	-0.546115	0.472496
161						-0.353833	-0.546115	0.472496
161						-0.353833	-0.546115	0.472496
161						-0.119213	-0.254838	0.645648
161						-0.119213	-0.254838	0.645648
161						-0.119213	-0.254838	0.645648
161						-0.503775	-0.418998	0.212768
161						-0.503775	-0.418998	0.212768
161						-0.503775	-0.418998	0.212768
161						-0.615256	-0.738185	0.126192
161						-0.615256	-0.738185	0.126192
161						-0.615256	-0.738185	0.126192
161						-0.727806	-0.57542	-0.176825
161						-0.727806	-0.57542	-0.176825
161						-0.727806	-0.57542	-0.176825
161						-0.420355	-0.0130374	0.299344
161						-0.420355	-0.0130374	0.299344
161						-0.420355	-0.0130374	0.299344
161						-0.150862	0.289023	0.775512
161						-0.150862	0.289023	0.775512
161						-0.150862	0.289023	0.775512
161						-0.322135	0.14034	0.429208
161						-0.322135	0.14034	0.429208
161						-0.322135	0.14034	0.429208
161						-0.606898	0.0273049	0.0396155
161						-0.606898	0.0273049	0.0396155
161						-0.606898	0.0273049	0.0396155
161						-0.792971	0.131205	-0.349977
161						-0.792971	0.131205	-0.349977
161						-0.792971	0.131205	-0.349977
161						-0.808697	-0.042343	-0.349977
161						-0.808697	-0.042343	-0.349977
161						-0.808697	-0.042343	-0.349977
161						-0.632287	0.145034	0.212768
161						-0.632287	0.145034	0.212768
161						-0.632287	0.145034	0.212768
161						-0.470591	-0.168064	0.645648
161						-0.470591	-0.168064	0.645648
161						-0.470591	-0.168064	0.645648
161						-0.384015	0.0333945	0.559072
161						-0.384015	0.0333945	0.559072
161						-0.384015	0.0333945	0.559072
161						-0.730564	0.146683	-0.263401
161						-0.730564	0.146683	-0.263401
161						-0.730564	0.146683	-0.263401
161						-0.658246	0.210241	-0.393265
161						-0.658246	0.210241	-0.393265
161						-0.658246	0.210241	-0.393265
161						-0.640304	0.0521698	-0.306689
161						-0.640304	0.0521698	-0.306689
161						-0.640304	0.0521698	-0.306689
161						-0.408392	-0.175802	0.60236
161						-0.408392	-0.175802	0.60236
161						-0.408392	-0.175802	0.60236
161						-0.407689	0.526129	0.645648
161						-0.407689	0.526129	0.645648
161						-0.407689	0.526129	0.645648
161						-0.129849	0.679507	0.775512
161						-0.129849	0.679507	0.775512
161						-0.129849	0.679507	0.775512
161						-0.415552	0.439355	0.645648
161						-0.415552	0.439355	0.645648
161						-0.415552	0.439355	0.645648
161						-0.61291	0.792795	-0.0469605
161						-0.61291	0.792795	-0.0469605
161						-0.61291	0.792795	-0.0469605
161						-0.841342	0.529427	-0.306689
161						-0.841342	0.529427	-0.306689
161						-0.841342	0.529427	-0.306689
161						-0.648906	1.24684	-0.176825
161						-0.648906	1.24684	-0.176825
161						-0.648906	1.24684	-0.176825
161						-0.560956	1.15067	0.256056
161						-0.560956	1.15067	0.256056
161						-0.560956	1.15067	0.256056
161						-0.31844	0.758542	0.732224
161						-0.31844	0.758542	0.732224
161						-0.31844	0.758542	0.732224
161						-0.39757	0.597426	0.559072
161						-0.39757	0.597426	0.559072
161						-0.39757	0.597426	0.559072
161						-0.656776	0.0737367	0.299344
161						-0.656776	0.0737367	0.299344
161						-0.656776	0.0737367	0.299344
161						-0.810049	-0.388044	0.38592
161						-0.810049	-0.388044	0.38592
161						-0.810049	-0.388044	0.38592
161						-0.333847	0.47031	0.8188
161						-0.333847	0.47031	0.8188
161						-0.333847	0.47031	0.8188
161						-0.261934	1.40161	0.688936
161						-0.261934	1.40161	0.688936
161						-0.353647	1.16146	0.559072
161						-0.353647	1.16146	0.559072
161						-0.353647	1.16146	0.559072
161						-0.636362	1.00973	-0.0469605
161						-0.636362	1.00973	-0.0469605
161						-0.636362	1.00973	-0.0469605
161						-0.80096	0.481347	-0.0902486
161						-0.80096	0.481347	-0.0902486
161						-0.80096	0.481347	-0.0902486
161						-0.518205	0.949217	0.342632
161						-0.518205	0.949217	0.342632
161						-0.518205	0.949217	0.342632
161						-0.135732	0.835929	1.1651
161						-0.135732	0.835929	1.1651
161						-0.135732	0.835929	1.1651
161						-0.178012	1.10094	0.948664
161						-0.178012	1.10094	0.948664
161						-0.178012	1.10094	0.948664
161						-0.265005	0.853055	0.775512
161						-0.265005	0.853055	0.775512
161						-0.265005	0.853055	0.775512
161						-0.622032	0.693588	0.126192
161						-0.622032	0.693588	0.126192
161						-0.622032	0.693588	0.126192
161						-0.608946	0.0659981	0.256056
161						-0.608946	0.0659981	0.256056
161						-0.608946	0.0659981	0.256056
161						-0.528572	0.538562	0.472496
161						-0.528572	0.538562	0.472496
161						-0.528572	0.538562	0.472496
161						-0.411868	0.143385	0.688936
161						-0.411868	0.143385	0.688936
161						-0.411868	0.143385	0.688936
161						-0.118414	0.60821	0.862088
161						-0.118414	0.60821	0.862088
161						-0.118414	0.60821	0.862088
161						0.446851	-0.00859675	1.29497
161						0.446851	-0.00859675	1.29497
161						0.446851	-0.00859675	1.29497
161						0.161823	0.0101786	0.429208
161						0.161823	0.0101786	0.429208
161						0.161823	0.0101786	0.429208
161						0.39456	0.219375	0.38592
161						0.39456	0.219375	0.38592
161						0.39456	0.219375	0.38592
161						0.686899	-0.236316	0.991952
161						0.686899	-0.236316	0.991952
161						0.686899	-0.236316	0.991952
161						0.482679	-0.169713	1.12182
161						0.482679	-0.169713	1.12182
161						0.482679	-0.169713	1.12182
161						0.441055	-0.605232	1.59798
161						0.441055	-0.605232	1.59798
161						0.531243	-0.245703	1.42483
161						0.531243	-0.245703	1.42483
161						0.531243	-0.245703	1.42483
161						0.348872	-0.908942	1.59798
161						0.348872	-0.908942	1.59798
161						0.348872	-0.908942	1.59798
161						-0.0635785	-0.020776	0.256056
161						-0.0635785	-0.020776	0.256056
161						-0.0635785	-0.020776	0.256056
161						-0.0258681	-0.0998115	0.299344
161						-0.0258681	-0.0998115	0.299344
161						-0.0258681	-0.0998115	0.299344
161						0.320434	-0.552457	1.1651
161						0.320434	-0.552457	1.1651
161						0.320434	-0.552457	1.1651
161						0.968641	0.55848	1.5547
161						0.968641	0.55848	1.5547
161						0.968641	0.55848	1.5547
161						0.874328	-0.166668	1.38154
161						0.874328	-0.166668	1.38154
161						0.874328	-0.166668	1.38154
161						0.740127	-0.165019	0.905376
161						0.740127	-0.165019	0.905376
161						0.740127	-0.165019	0.905376
161						0.838368	0.775668	0.342632
161						0.838368	0.775668	0.342632
161						0.838368	0.775668	0.342632
161						0.360379	-0.00364973	-0.133537
161						0.360379	-0.00364973	-0.133537
161						0.360379	-0.00364973	-0.133537
161						-0.257995	-0.981381	-0.263401
161						-0.257995	-0.981381	-0.263401
161						-0.257995	-0.981381	-0.263401
161						0.164431	-0.890166	0.732224
161						0.164431	-0.890166	0.732224
161						0.164431	-0.890166	0.732224
161						0.252456	-0.181892	0.0829036
161						0.252456	-0.181892	0.0829036
161						0.252456	-0.181892	0.0829036
161						0.377644	-0.248495	-0.0469605
161						0.377644	-0.248495	-0.0469605
161						0.377644	-0.248495	-0.0469605
161						0.499075	0.434915	-0.349977
161						0.499075	0.434915	-0.349977
161						0.499075	0.434915	-0.349977
161						0.433845	0.210241	-0.393265
161						0.433845	0.210241	-0.393265
161						0.433845	0.210241	-0.393265
161						0.433734	0.348141	-0.349977
161						0.433734	0.348141	-0.349977
161						0.433734	0.348141	-0.349977
161						0.769956	0.14034	0.429208
161						0.769956	0.14034	0.429208
161						0.769956	0.14034	0.429208
161						1.02747	1.07633	0.0829036
161						1.02747	1.07633	0.0829036
161						1.02747	1.07633	0.0829036
161						0.917846	0.224069	0.16948
161						0.917846	0.224069	0.16948
161						0.917846	0.224069	0.16948
161						0.902845	1.53976	-0.479841
161						0.902845	1.53976	-0.479841
161						0.902845	1.53976	-0.479841
161						0.873388	1.13685	-0.306689
161						0.873388	1.13685	-0.306689
161						0.873388	1.13685	-0.306689
161						0.746257	0.0179172	0.472496
161						0.746257	0.0179172	0.472496
161						0.746257	0.0179172	0.472496
161						0.91296	0.352581	0.645648
161						0.91296	0.352581	0.645648
161						0.91296	0.352581	0.645648
161						1.00909	0.400662	0.429208
161						1.00909	0.400662	0.429208
161						1.00909	0.400662	0.429208
161						0.911138	1.37395	-0.436553
161						0.911138	1.37395	-0.436553
161						0.911138	1.37395	-0.436553
161						0.609502	0.937037	-0.696281
161						0.609502	0.937037	-0.696281
161						0.609502	0.937037	-0.696281
161						0.724477	0.465869	-0.176825
161						0.724477	0.465869	-0.176825
161						0.724477	0.465869	-0.176825
161						0.882417	0.902785	0.0829036
161						0.882417	0.902785	0.0829036
161						0.882417	0.902785	0.0829036
161						1.00226	0.60212	0.342632
161						1.00226	0.60212	0.342632
161						1.00226	0.60212	0.342632
161						0.885613	1.01442	-0.263401
161						0.885613	1.01442	-0.263401
161						0.885613	1.01442	-0.263401
161						0.679563	1.01607	-0.739569
161						0.679563	1.01607	-0.739569
161						0.679563	1.01607	-0.739569
161						0.382934	1.22692	-1.25903
161						0.382934	1.22692	-1.25903
161						0.382934	1.22692	-1.25903
161						0.055848	-0.19572	-0.479841
161						0.055848	-0.19572	-0.479841
161						0.055848	-0.19572	-0.479841
161						0.0569026	-0.378656	-0.0469605
161						0.0569026	-0.378656	-0.0469605
161						0.0569026	-0.378656	-0.0469605
161						0.0840959	-1.04659	0.342632
161						0.0840959	-1.04659	0.342632
161						0.0840959	-1.04659	0.342632
161						-0.0755662	-0.473169	-0.0902486
161						-0.0755662	-0.473169	-0.0902486
161						-0.0755662	-0.473169	-0.0902486
161						-0.489017	-0.815571	-0.306689
161						-0.489017	-0.815571	-0.306689
161						-0.489017	-0.815571	-0.306689
161						-0.843362	-0.0299105	-0.523129
161						-0.843362	-0.0299105	-0.523129
161						-0.843362	-0.0299105	-0.523129
161						-0.7092	-0.347701	0.126192
161						-0.7092	-0.347701	0.126192
161						-0.7092	-0.347701	0.126192
161						-0.390242	-0.310657	0.8188
161						-0.390242	-0.310657	0.8188
161						-0.390242	-0.310657	0.8188
161						-0.430083	-0.65306	0.60236
161						-0.430083	-0.65306	0.60236
161						-0.430083	-0.65306	0.60236
161						-0.330701	-0.648366	0.38592
161						-0.330701	-0.648366	0.38592
161						-0.330701	-0.648366	0.38592
161						-0.778196	-0.736536	-0.349977
161						-0.778196	-0.736536	-0.349977
161						-0.778196	-0.736536	-0.349977
161						-0.8792	-0.782968	-0.609705
161						-0.8792	-0.782968	-0.609705
161						-0.8792	-0.782968	-0.609705
161						-0.538751	-1.67722	0.212768
161						-0.538751	-1.67722	0.212768
161						-0.538751	-1.67722	0.212768
161						-0.306158	-0.559943	-0.0902486
161						-0.306158	-0.559943	-0.0902486
161						-0.306158	-0.559943	-0.0902486
161						-0.099567	-0.952075	0.38592
161						-0.099567	-0.952075	0.38592
161						-0.099567	-0.952075	0.38592
161						-0.0666489	-0.569331	0.342632
161						-0.0666489	-0.569331	0.342632
161						-0.0666489	-0.569331	0.342632
161						-0.0882284	-1.18449	0.299344
161						-0.0882284	-1.18449	0.299344
161						-0.0882284	-1.18449	0.299344
161						-0.791475	-0.431178	-0.826145
161						-0.791475	-0.431178	-0.826145
161						-0.791475	-0.431178	-0.826145
161						-0.672114	-0.496385	-0.220113
161						-0.672114	-0.496385	-0.220113
161						-0.672114	-0.496385	-0.220113
161						-0.439	-0.556898	0.16948
161						-0.439	-0.556898	0.16948
161						-0.439	-0.556898	0.16948
161						-0.393093	-0.962859	0.0829036
161						-0.393093	-0.962859	0.0829036
161						-0.393093	-0.962859	0.0829036
161						-0.388086	-0.315098	-0.176825
161						-0.388086	-0.315098	-0.176825
161						-0.388086	-0.315098	-0.176825
161						-0.397286	-1.04659	0.342632
161						-0.397286	-1.04659	0.342632
161						-0.397286	-1.04659	0.342632
161						-0.42448	-0.378656	-0.0469605
161						-0.42448	-0.378656	-0.0469605
161						-0.42448	-0.378656	-0.0469605
161						-0.15108	-0.648366	0.38592
161						-0.15108	-0.648366	0.38592
161						-0.15108	-0.648366	0.38592
161						-0.310933	-0.569331	0.342632
161						-0.310933	-0.569331	0.342632
161						-0.310933	-0.569331	0.342632
161						-0.28035	-0.803392	0.732224
161						-0.28035	-0.803392	0.732224
161						-0.28035	-0.803392	0.732224
161						-0.229991	0.127907	0.60236
161						-0.229991	0.127907	0.60236
161						-0.684561	-0.0981625	-0.176825
161						-0.684561	-0.0981625	-0.176825
161						-0.684561	-0.0981625	-0.176825
161						-0.716403	0.123467	-0.393265
161						-0.716403	0.123467	-0.393265
161						-0.716403	0.123467	-0.393265
161						-0.515002	-0.324485	0.256056
161						-0.515002	-0.324485	0.256056
161						-0.515002	-0.324485	0.256056
161						-0.583349	-0.0285147	0.212768
161						-0.583349	-0.0285147	0.212768
161						-0.583349	-0.0285147	0.212768
161						-0.525096	0.219375	0.38592
161						-0.525096	0.219375	0.38592
161						-0.525096	0.219375	0.38592
161						-0.32565	0.143385	0.688936
161						-0.32565	0.143385	0.688936
161						-0.32565	0.143385	0.688936
161						-0.272932	-0.165019	0.905376
161						-0.272932	-0.165019	0.905376
161						-0.272932	-0.165019	0.905376
161						-0.584458	0.137295	0.16948
161						-0.584458	0.137295	0.16948
161						-0.584458	0.137295	0.16948
161						-0.375596	-0.569331	0.342632
161						-0.375596	-0.569331	0.342632
161						-0.375596	-0.569331	0.342632
161						-0.294099	-0.561592	0.38592
161						-0.294099	-0.561592	0.38592
161						-0.294099	-0.561592	0.38592
161						-0.137098	-0.251793	0.905376
161						-0.137098	-0.251793	0.905376
161						-0.137098	-0.251793	0.905376
161						-0.205804	-0.15728	0.948664
161						-0.205804	-0.15728	0.948664
161						-0.205804	-0.15728	0.948664
161						-0.516014	0.00243991	0.38592
161						-0.516014	0.00243991	0.38592
161						-0.516014	0.00243991	0.38592
161						-0.608397	0.76184	-0.220113
161						-0.608397	0.76184	-0.220113
161						-0.608397	0.76184	-0.220113
161						-0.501368	-0.256233	-0.0902486
161						-0.501368	-0.256233	-0.0902486
161						-0.501368	-0.256233	-0.0902486
161						-0.0827655	-0.174153	0.126192
161						-0.0827655	-0.174153	0.126192
161						-0.0827655	-0.174153	0.126192
161						0.214337	-0.493593	1.25168
161						0.214337	-0.493593	1.25168
161						0.214337	-0.493593	1.25168
161						-0.118439	-0.00694774	0.8188
161						-0.118439	-0.00694774	0.8188
161						-0.118439	-0.00694774	0.8188
161						-0.537138	-0.250144	0.429208
161						-0.537138	-0.250144	0.429208
161						-0.537138	-0.250144	0.429208
161						-0.710158	-0.00364973	-0.133537
161						-0.710158	-0.00364973	-0.133537
161						-0.710158	-0.00364973	-0.133537
161						-0.692312	-0.322836	-0.220113
161						-0.692312	-0.322836	-0.220113
161						-0.692312	-0.322836	-0.220113
161						-0.205377	-0.237711	0.256056
161						-0.205377	-0.237711	0.256056
161						-0.205377	-0.237711	0.256056
161						0.0174667	-0.547764	0.948664
161						0.0174667	-0.547764	0.948664
161						0.0174667	-0.547764	0.948664
161						-0.0209934	-0.101461	0.775512
161						-0.0209934	-0.101461	0.775512
161						-0.0209934	-0.101461	0.775512
161						-0.458144	-0.566286	0.60236
161						-0.458144	-0.566286	0.60236
161						-0.458144	-0.566286	0.60236
161						-0.24487	-0.251793	0.905376
161						-0.24487	-0.251793	0.905376
161						-0.24487	-0.251793	0.905376
161						-0.0131128	-0.485854	1.29497
161						-0.0131128	-0.485854	1.29497
161						-0.0131128	-0.485854	1.29497
161						0.202001	-0.233271	1.25168
161						0.202001	-0.233271	1.25168
161						0.202001	-0.233271	1.25168
161						-0.296922	-0.770789	0.429208
161						-0.296922	-0.770789	0.429208
161						-0.296922	-0.770789	0.429208
161						-0.791752	-0.172504	-0.349977
161						-0.791752	-0.172504	-0.349977
161						-0.791752	-0.172504	-0.349977
161						-0.685748	-0.564637	0.126192
161						-0.685748	-0.564637	0.126192
161						-0.685748	-0.564637	0.126192
161						-0.244289	-0.326134	0.732224
161						-0.244289	-0.326134	0.732224
161						-0.244289	-0.326134	0.732224
161						-0.102889	-0.626799	0.991952
161						-0.102889	-0.626799	0.991952
161						-0.102889	-0.626799	0.991952
161						-0.105242	-0.772438	0.905376
161						-0.105242	-0.772438	0.905376
161						-0.105242	-0.772438	0.905376
161						-0.438849	-0.378656	-0.0469605
161						-0.438849	-0.378656	-0.0469605
161						-0.438849	-0.378656	-0.0469605
161						-0.810619	-0.440565	-0.393265
161						-0.810619	-0.440565	-0.393265
161						-0.810619	-0.440565	-0.393265
161						-0.39762	-0.632889	0.472496
161						-0.39762	-0.632889	0.472496
161						-0.39762	-0.632889	0.472496
161						-0.102889	-0.626799	0.991952
161						-0.102889	-0.626799	0.991952
161						-0.102889	-0.626799	0.991952
161						0.00471482	-0.333873	0.688936
161						0.00471482	-0.333873	0.688936
161						0.00471482	-0.333873	0.688936
161						0.035861	-0.171108	0.38592
161						0.035861	-0.171108	0.38592
161						0.035861	-0.171108	0.38592
161						-0.523625	-0.958165	-0.133537
161						-0.523625	-0.958165	-0.133537
161						-0.523625	-0.958165	-0.133537
161						-0.533758	-0.730446	0.16948
161						-0.533758	-0.730446	0.16948
161						-0.533758	-0.730446	0.16948
161						-0.0868046	-0.251793	0.905376
161						-0.0868046	-0.251793	0.905376
161						-0.0868046	-0.251793	0.905376
161						0.214337	-0.493593	1.25168
161						0.214337	-0.493593	1.25168
161						0.214337	-0.493593	1.25168
161						0.131179	-0.859212	0.905376
161						0.131179	-0.859212	0.905376
161						0.131179	-0.859212	0.905376
161						-0.185275	-0.572375	0.0829036
161						-0.185275	-0.572375	0.0829036
161						-0.185275	-0.572375	0.0829036
161						-0.518019	-0.855914	-0.0469605
161						-0.518019	-0.855914	-0.0469605
161						-0.518019	-0.855914	-0.0469605
161						-0.529318	-0.307359	-0.133537
161						-0.529318	-0.307359	-0.133537
161						-0.529318	-0.307359	-0.133537
161						-0.157512	-1.18779	1.25168
161						-0.157512	-1.18779	1.25168
161						-0.157512	-1.18779	1.25168
161						0.233036	0.0673939	0.991952
161						0.233036	0.0673939	0.991952
161						0.233036	0.0673939	0.991952
161						0.217063	-0.445512	1.03524
161						0.217063	-0.445512	1.03524
161						0.217063	-0.445512	1.03524
161						-0.382049	-0.46543	-0.0469605
161						-0.382049	-0.46543	-0.0469605
161						-0.382049	-0.46543	-0.0469605
161						-0.577212	-1.23092	0.0396155
161						-0.577212	-1.23092	0.0396155
161						-0.577212	-1.23092	0.0396155
161						-0.386282	-0.865301	0.38592
161						-0.386282	-0.865301	0.38592
161						-0.386282	-0.865301	0.38592
161						-0.0120223	-0.180496	0.8188
161						-0.0120223	-0.180496	0.8188
161						-0.0120223	-0.180496	0.8188
161						-0.00357841	-0.168064	0.645648
161						-0.00357841	-0.168064	0.645648
161						-0.00357841	-0.168064	0.645648
161						-0.262992	-0.714969	0.256056
161						-0.262992	-0.714969	0.256056
161						-0.262992	-0.714969	0.256056
161						-0.493738	-0.807833	-0.263401
161						-0.493738	-0.807833	-0.263401
161						-0.493738	-0.807833	-0.263401
161						-0.547299	-0.46543	-0.0469605
161						-0.547299	-0.46543	-0.0469605
161						-0.547299	-0.46543	-0.0469605
161						-0.485624	-0.553853	0.429208
161						-0.485624	-0.553853	0.429208
161						-0.485624	-0.553853	0.429208
161						-0.071782	-0.780176	0.862088
161						-0.071782	-0.780176	0.862088
161						-0.071782	-0.780176	0.862088
161						-0.016696	-1.24196	0.948664
161						-0.016696	-1.24196	0.948664
161						-0.016696	-1.24196	0.948664
161						-0.202579	-0.643672	0.16948
161						-0.202579	-0.643672	0.16948
161						-0.202579	-0.643672	0.16948
161						-0.626695	-0.494736	-0.696281
161						-0.626695	-0.494736	-0.696281
161						-0.626695	-0.494736	-0.696281
161						-0.605592	-1.02946	-0.0469605
161						-0.605592	-1.02946	-0.0469605
161						-0.221723	-0.65306	0.60236
161						-0.221723	-0.65306	0.60236
161						-0.221723	-0.65306	0.60236
161						0.0832384	-0.713573	0.991952
161						0.0832384	-0.713573	0.991952
161						0.0832384	-0.713573	0.991952
161						0.0113329	-0.558547	0.645648
161						0.0113329	-0.558547	0.645648
161						0.0113329	-0.558547	0.645648
161						-0.557763	-1.0372	-0.0902486
161						-0.557763	-1.0372	-0.0902486
161						-0.557763	-1.0372	-0.0902486
161						-0.654386	-1.764	0.212768
161						-0.654386	-1.764	0.212768
161						-0.654386	-1.764	0.212768
161						-0.582736	-0.87304	0.342632
161						-0.582736	-0.87304	0.342632
161						-0.582736	-0.87304	0.342632
161						-0.193788	-0.302919	0.862088
161						-0.193788	-0.302919	0.862088
161						-0.193788	-0.302919	0.862088
161						-0.166476	-0.022425	0.732224
161						-0.166476	-0.022425	0.732224
161						-0.166476	-0.022425	0.732224
161						-0.373713	-0.48725	0.559072
161						-0.373713	-0.48725	0.559072
161						-0.373713	-0.48725	0.559072
161						-0.651707	-0.646717	-0.0902486
161						-0.651707	-0.646717	-0.0902486
161						-0.651707	-0.646717	-0.0902486
161						-0.799008	0.281538	-0.479841
161						-0.799008	0.281538	-0.479841
161						-0.799008	0.281538	-0.479841
161						-0.467976	0.0179172	0.472496
161						-0.467976	0.0179172	0.472496
161						-0.467976	0.0179172	0.472496
161						-0.23582	0.301456	0.60236
161						-0.23582	0.301456	0.60236
161						-0.23582	0.301456	0.60236
161						-0.167154	-0.109199	0.732224
161						-0.167154	-0.109199	0.732224
161						-0.167154	-0.109199	0.732224
161						-0.758801	-0.559943	-0.0902486
161						-0.758801	-0.559943	-0.0902486
161						-0.758801	-0.559943	-0.0902486
161						-0.953487	-0.175549	-0.609705
161						-0.953487	-0.175549	-0.609705
161						-0.953487	-0.175549	-0.609705
161						-0.675324	-0.309008	0.342632
Sensor ID 	electronic compass(calibrate data)x	y	z	
161						0.743177	-0.591821	-0.391895
161						1.02948	-0.0281213	-0.147611
161						1.02948	-0.0281213	-0.147611
161						0.821642	0.499032	-0.317367
161						0.821642	0.499032	-0.317367
161						0.821642	0.499032	-0.317367
161						0.519176	0.857249	-0.168313
161						0.519176	0.857249	-0.168313
161						0.47222	-0.102658	-0.888743
161						0.47222	-0.102658	-0.888743
161						0.47222	-0.102658	-0.888743
161						0.229045	-0.429459	-0.847339
161						0.229045	-0.429459	-0.847339
161						0.229045	-0.429459	-0.847339
161						0.601401	-0.631399	-0.528528
161						0.601401	-0.631399	-0.528528
161						0.601401	-0.631399	-0.528528
161						0.943694	-0.145849	-0.333929
161						0.943694	-0.145849	-0.333929
161						0.943694	-0.145849	-0.333929
161						0.843952	0.356672	-0.2387
161						0.843952	0.356672	-0.2387
161						0.843952	0.356672	-0.2387
161						0.633854	0.757353	-0.126909
161						0.633854	0.757353	-0.126909
161						0.633854	0.757353	-0.126909
161						0.522753	0.604229	-0.607196
161						0.522753	0.604229	-0.607196
161						0.522753	0.604229	-0.607196
161						0.45934	0.041412	-0.892883
161						0.45934	0.041412	-0.892883
161						0.45934	0.041412	-0.892883
161						0.332303	-0.686507	-0.65274
161						0.332303	-0.686507	-0.65274
161						0.332303	-0.686507	-0.65274
161						0.669105	-0.468088	-0.603055
161						0.669105	-0.468088	-0.603055
161						0.669105	-0.468088	-0.603055
161						0.947324	-0.17844	-0.275963
161						0.947324	-0.17844	-0.275963
161						0.947324	-0.17844	-0.275963
161						0.895017	0.3323	-0.391895
161						0.895017	0.3323	-0.391895
161						0.895017	0.3323	-0.391895
161						0.459014	0.786993	-0.433299
161						0.459014	0.786993	-0.433299
161						0.459014	0.786993	-0.433299
161						0.347505	0.652673	-0.673442
161						0.347505	0.652673	-0.673442
161						0.347505	0.652673	-0.673442
161						0.537034	0.420346	-0.690004
161						0.537034	0.420346	-0.690004
161						0.537034	0.420346	-0.690004
161						0.478171	-0.105486	-0.872181
161						0.478171	-0.105486	-0.872181
161						0.478171	-0.105486	-0.872181
161						0.432519	-0.376062	-0.797654
161						0.432519	-0.376062	-0.797654
161						0.432519	-0.376062	-0.797654
161						0.775623	-0.582476	-0.114488
161						0.775623	-0.582476	-0.114488
161						0.775623	-0.582476	-0.114488
161						0.876344	0.0447196	-0.429158
161						0.876344	0.0447196	-0.429158
161						0.876344	0.0447196	-0.429158
161						0.151732	0.729438	-0.694144
161						0.151732	0.729438	-0.694144
161						0.151732	0.729438	-0.694144
161						-0.307083	0.363204	-0.892883
161						-0.307083	0.363204	-0.892883
161						-0.307083	0.363204	-0.892883
161						0.491732	-0.186052	-0.847339
161						0.491732	-0.186052	-0.847339
161						0.491732	-0.186052	-0.847339
161						0.67617	-0.712134	-0.0316797
161						0.67617	-0.712134	-0.0316797
161						0.247029	-0.56923	0.79226
161						0.247029	-0.56923	0.79226
161						0.721315	-0.266064	0.659768
161						0.721315	-0.266064	0.659768
161						0.721315	-0.266064	0.659768
161						0.880478	0.0262722	-0.454001
161						0.880478	0.0262722	-0.454001
161						0.880478	0.0262722	-0.454001
161						-0.225268	0.468377	-0.814216
161						-0.225268	0.468377	-0.814216
161						-0.225268	0.468377	-0.814216
161						-0.486899	-0.0617266	-0.892883
161						-0.486899	-0.0617266	-0.892883
161						0.231195	-0.220532	-0.971551
161						0.231195	-0.220532	-0.971551
161						0.712057	-0.583157	-0.333929
161						0.712057	-0.583157	-0.333929
161						0.712057	-0.583157	-0.333929
161						0.911702	-0.130367	0.390641
161						0.911702	-0.130367	0.390641
161						0.911702	-0.130367	0.390641
161						0.922385	0.134226	0.345097
161						0.922385	0.134226	0.345097
161						0.922385	0.134226	0.345097
161						0.875234	0.279965	-0.375333
161						0.875234	0.279965	-0.375333
161						0.875234	0.279965	-0.375333
161						0.467812	-0.182899	-0.85976
161						0.467812	-0.182899	-0.85976
161						0.467812	-0.182899	-0.85976
161						0.959243	-0.188223	-0.24284
161						0.959243	-0.188223	-0.24284
161						0.959243	-0.188223	-0.24284
161						0.960227	0.309647	0.109094
161						0.960227	0.309647	0.109094
161						0.960227	0.309647	0.109094
161						0.915092	0.0697496	0.311974
161						0.915092	0.0697496	0.311974
161						0.915092	0.0697496	0.311974
161						0.953926	-0.300844	0.162919
161						0.953926	-0.300844	0.162919
161						0.953926	-0.300844	0.162919
161						0.629269	-0.607619	-0.540949
