Sensor ID 	electronic compass(calibrate data)x	y	z	
161						0.25429	0.497484	-0.701987
161						0.25429	0.497484	-0.701987
161						0.25429	0.497484	-0.701987
161						0.480868	0.5891	-0.546846
161						0.480868	0.5891	-0.546846
161						0.480868	0.5891	-0.546846
161						0.278378	0.35577	-0.839498
161						0.278378	0.35577	-0.839498
161						0.278378	0.35577	-0.839498
161						0.565305	0.680988	-0.356445
161						0.565305	0.680988	-0.356445
161						0.565305	0.680988	-0.356445
161						0.599692	0.703229	-0.0778967
161						0.599692	0.703229	-0.0778967
161						0.599692	0.703229	-0.0778967
161						0.334268	0.412729	-0.835972
161						0.334268	0.412729	-0.835972
161						0.334268	0.412729	-0.835972
161						0.561068	0.737538	-0.405808
161						0.561068	0.737538	-0.405808
161						0.561068	0.737538	-0.405808
161						0.966993	0.0556913	0.200652
161						0.966993	0.0556913	0.200652
161						0.966993	0.0556913	0.200652
161						0.976524	-0.0788895	0.119556
161						0.976524	-0.0788895	0.119556
161						0.976524	-0.0788895	0.119556
161						0.846091	0.30526	-0.441068
161						0.846091	0.30526	-0.441068
161						0.846091	0.30526	-0.441068
161						0.911472	0.014613	-0.349393
161						0.911472	0.014613	-0.349393
161						0.911472	0.014613	-0.349393
161						0.80747	-0.454041	-0.324712
161						0.80747	-0.454041	-0.324712
161						0.80747	-0.454041	-0.324712
161						0.541542	-0.765434	-0.31766
161						0.541542	-0.765434	-0.31766
161						0.541542	-0.765434	-0.31766
161						0.345581	-0.631174	-0.712565
161						0.345581	-0.631174	-0.712565
161						0.345581	-0.631174	-0.712565
161						0.876494	-0.0593996	0.475675
161						0.876494	-0.0593996	0.475675
161						0.876494	-0.0593996	0.475675
161						0.155941	-0.0675219	-1.01227
161						0.155941	-0.0675219	-1.01227
161						0.155941	-0.0675219	-1.01227
161						-0.398519	0.48025	-0.765454
161						-0.398519	0.48025	-0.765454
161						-0.398519	0.48025	-0.765454
161						0.29201	0.808126	0.49683
161						0.29201	0.808126	0.49683
161						0.29201	0.808126	0.49683
161						0.206198	0.755196	0.581453
161						0.206198	0.755196	0.581453
161						0.206198	0.755196	0.581453
161						-0.0128943	0.505709	-0.938224
161						-0.0128943	0.505709	-0.938224
161						-0.0128943	0.505709	-0.938224
161						0.604986	0.788941	-0.254193
161						0.604986	0.788941	-0.254193
161						0.604986	0.788941	-0.254193
161						0.847241	0.444277	-0.218934
161						0.847241	0.444277	-0.218934
161						0.847241	0.444277	-0.218934
161						0.62762	0.490569	-0.730194
161						0.62762	0.490569	-0.730194
161						0.62762	0.490569	-0.730194
161						0.757222	0.747803	-0.377601
161						0.757222	0.747803	-0.377601
161						0.757222	0.747803	-0.377601
161						0.757055	0.730341	0.398104
161						0.757055	0.730341	0.398104
161						0.757055	0.730341	0.398104
161						0.892202	0.0415564	0.539142
161						0.892202	0.0415564	0.539142
161						0.892202	0.0415564	0.539142
161						0.894786	-0.196731	0.472149
161						0.894786	-0.196731	0.472149
161						0.894786	-0.196731	0.472149
161						0.928263	-0.370325	0.108978
161						0.928263	-0.370325	0.108978
161						0.928263	-0.370325	0.108978
161						0.851123	-0.34007	-0.310608
161						0.851123	-0.34007	-0.310608
161						0.851123	-0.34007	-0.310608
161						0.907242	0.096264	-0.183675
161						0.907242	0.096264	-0.183675
161						0.907242	0.096264	-0.183675
161						0.724162	0.341761	0.384001
161						0.724162	0.341761	0.384001
161						0.724162	0.341761	0.384001
161						-0.010946	-0.33396	0.916416
161						-0.010946	-0.33396	0.916416
161						-0.010946	-0.33396	0.916416
161						-0.778244	-0.114944	0.655497
161						-0.778244	-0.114944	0.655497
161						-0.778244	-0.114944	0.655497
161						-1.01466	-0.101353	0.246489
161						-1.01466	-0.101353	0.246489
161						-0.235117	-0.710693	0.701334
161						-0.235117	-0.710693	0.701334
161						0.990107	-0.0235675	0.345215
161						0.990107	-0.0235675	0.345215
161						0.990107	-0.0235675	0.345215
161						0.653765	0.722099	-0.236564
161						0.653765	0.722099	-0.236564
161						0.653765	0.722099	-0.236564
161						-0.0782054	-0.735604	0.510934
161						-0.0782054	-0.735604	0.510934
161						-0.0782054	-0.735604	0.510934
161						-1.00005	-0.0132708	-0.0567411
161						-1.00005	-0.0132708	-0.0567411
161						-1.00005	-0.0132708	-0.0567411
161						-0.943672	-0.360599	-0.367023
161						-0.943672	-0.360599	-0.367023
161						-0.943672	-0.360599	-0.367023
161						0.0893615	-1.07781	-0.00385206
161						0.0893615	-1.07781	-0.00385206
161						0.543714	-0.360593	-0.800713
161						0.543714	-0.360593	-0.800713
161						0.543714	-0.360593	-0.800713
161						0.188898	-0.830096	-0.451646
161						0.188898	-0.830096	-0.451646
161						0.188898	-0.830096	-0.451646
161						-0.583531	-0.747656	-0.183675
161						-0.583531	-0.747656	-0.183675
161						-0.583531	-0.747656	-0.183675
161						-0.762556	0.506454	0.461571
161						-0.762556	0.506454	0.461571
161						-0.762556	0.506454	0.461571
161						-0.846275	-0.591161	0.133659
161						-0.846275	-0.591161	0.133659
161						-0.846275	-0.591161	0.133659
161						-0.268161	-0.791241	-0.624416
161						-0.268161	-0.791241	-0.624416
161						-0.268161	-0.791241	-0.624416
161						0.712891	-0.365579	-0.578579
161						0.712891	-0.365579	-0.578579
161						0.712891	-0.365579	-0.578579
161						0.436665	-0.888419	-0.197778
161						0.436665	-0.888419	-0.197778
161						0.436665	-0.888419	-0.197778
161						-0.547537	-0.212155	-0.659676
161						-0.547537	-0.212155	-0.659676
161						-0.547537	-0.212155	-0.659676
161						-0.677898	0.563277	0.447467
161						-0.677898	0.563277	0.447467
161						-0.677898	0.563277	0.447467
161						-0.598397	-0.235015	0.718964
161						-0.598397	-0.235015	0.718964
161						-0.598397	-0.235015	0.718964
161						-0.0856653	-1.03248	0.22886
161						-0.0856653	-1.03248	0.22886
161						-0.0856653	-1.03248	0.22886
161						0.481025	-0.377528	-0.825394
161						0.481025	-0.377528	-0.825394
161						0.481025	-0.377528	-0.825394
161						0.557497	-0.696194	-0.458697
161						0.557497	-0.696194	-0.458697
161						0.557497	-0.696194	-0.458697
161						-0.191859	-0.796688	-0.462223
161						-0.191859	-0.796688	-0.462223
161						-0.191859	-0.796688	-0.462223
161						-0.664297	0.737125	-0.0250077
161						-0.664297	0.737125	-0.0250077
161						-0.664297	0.737125	-0.0250077
161						-0.651864	-0.242066	0.673127
161						-0.651864	-0.242066	0.673127
161						-0.651864	-0.242066	0.673127
161						-0.306901	-0.921342	0.309956
161						-0.306901	-0.921342	0.309956
161						-0.306901	-0.921342	0.309956
161						0.340358	-0.814629	-0.617364
161						0.340358	-0.814629	-0.617364
161						0.340358	-0.814629	-0.617364
161						0.48629	-0.743731	-0.54332
161						0.48629	-0.743731	-0.54332
161						0.48629	-0.743731	-0.54332
161						-0.274727	-0.533947	-0.698461
161						-0.274727	-0.533947	-0.698461
161						-0.274727	-0.533947	-0.698461
161						-0.763862	0.62634	-0.060267
161						-0.763862	0.62634	-0.060267
161						-0.763862	0.62634	-0.060267
161						-0.385487	-0.0658581	0.941098
161						-0.385487	-0.0658581	0.941098
161						-0.385487	-0.0658581	0.941098
161						0.238439	-1.0395	0.186548
161						0.238439	-1.0395	0.186548
161						0.238439	-1.0395	0.186548
161						0.717058	-0.569181	-0.490431
161						0.717058	-0.569181	-0.490431
161						0.717058	-0.569181	-0.490431
161						-0.023865	-0.477913	-0.814817
161						-0.023865	-0.477913	-0.814817
161						-0.023865	-0.477913	-0.814817
161						-0.510485	0.850118	-0.137838
161						-0.510485	0.850118	-0.137838
161						-0.510485	0.850118	-0.137838
161						-0.858306	-0.472237	0.355793
161						-0.858306	-0.472237	0.355793
161						-0.858306	-0.472237	0.355793
161						-0.70393	-0.0660268	-0.818343
161						-0.70393	-0.0660268	-0.818343
161						-0.70393	-0.0660268	-0.818343
161						0.0482859	-0.395931	-1.04048
161						0.0482859	-0.395931	-1.04048
161						0.591876	-0.699054	-0.395231
161						0.591876	-0.699054	-0.395231
161						0.591876	-0.699054	-0.395231
161						-0.124901	-0.750266	-0.522164
161						-0.124901	-0.750266	-0.522164
161						-0.124901	-0.750266	-0.522164
161						-0.475146	0.88178	0.0596147
161						-0.475146	0.88178	0.0596147
161						-0.475146	0.88178	0.0596147
161						-0.37078	-0.193252	0.923468
161						-0.37078	-0.193252	0.923468
161						-0.37078	-0.193252	0.923468
161						0.0994711	-0.842877	0.49683
161						0.0994711	-0.842877	0.49683
161						0.0994711	-0.842877	0.49683
161						0.51612	-0.507183	-0.701987
161						0.51612	-0.507183	-0.701987
161						0.51612	-0.507183	-0.701987
161						0.0669438	-0.495555	-0.931172
161						0.0669438	-0.495555	-0.931172
161						0.0669438	-0.495555	-0.931172
161						-0.497498	-0.383111	-0.680831
161						-0.497498	-0.383111	-0.680831
161						-0.497498	-0.383111	-0.680831
161						-0.746259	0.619153	-0.123734
161						-0.746259	0.619153	-0.123734
161						-0.746259	0.619153	-0.123734
161						-0.430981	0.678498	0.623764
161						-0.430981	0.678498	0.623764
161						-0.430981	0.678498	0.623764
161						0.258248	0.778584	0.574401
161						0.258248	0.778584	0.574401
161						0.258248	0.778584	0.574401
161						0.867887	-0.308087	0.362845
161						0.867887	-0.308087	0.362845
161						0.867887	-0.308087	0.362845
161						0.899429	-0.332666	-0.218934
161						0.899429	-0.332666	-0.218934
161						0.899429	-0.332666	-0.218934
161						0.183565	-0.922429	0.168919
161						0.183565	-0.922429	0.168919
161						0.183565	-0.922429	0.168919
161						-0.20449	-0.870886	-0.0955263
161						-0.20449	-0.870886	-0.0955263
161						-0.20449	-0.870886	-0.0955263
161						-0.663627	0.462359	-0.479853
161						-0.663627	0.462359	-0.479853
161						-0.663627	0.462359	-0.479853
161						-0.298475	0.781851	0.563823
161						-0.298475	0.781851	0.563823
161						-0.298475	0.781851	0.563823
161						-0.0874283	-0.263361	0.951676
161						-0.0874283	-0.263361	0.951676
161						0.438216	-0.640584	0.673127
161						0.438216	-0.640584	0.673127
161						0.438216	-0.640584	0.673127
161						1.04542	-0.110525	-0.0743707
161						1.04542	-0.110525	-0.0743707
161						1.04542	-0.110525	-0.0743707
161						0.573365	-0.429604	0.673127
161						0.573365	-0.429604	0.673127
161						0.573365	-0.429604	0.673127
161						0.673936	0.0989387	-0.705513
161						0.673936	0.0989387	-0.705513
161						0.673936	0.0989387	-0.705513
161						0.604499	-0.362501	-0.613838
161						0.604499	-0.362501	-0.613838
161						0.604499	-0.362501	-0.613838
161						0.371584	0.396419	-0.779557
161						0.371584	0.396419	-0.779557
161						0.371584	0.396419	-0.779557
161						0.319649	-0.713836	-0.575053
161						0.319649	-0.713836	-0.575053
161						0.319649	-0.713836	-0.575053
161						0.0661839	-0.103925	-0.955854
161						0.0661839	-0.103925	-0.955854
161						0.0661839	-0.103925	-0.955854
161						-0.0956927	-0.198129	-1.01227
161						-0.0956927	-0.198129	-1.01227
161						-0.0956927	-0.198129	-1.01227
161						0.113225	-0.811117	-0.596209
161						0.113225	-0.811117	-0.596209
161						0.113225	-0.811117	-0.596209
161						-0.253529	-0.241148	-0.945276
161						-0.253529	-0.241148	-0.945276
161						-0.253529	-0.241148	-0.945276
161						0.00223273	0.873919	-0.52569
161						0.00223273	0.873919	-0.52569
161						0.00223273	0.873919	-0.52569
161						-0.258703	0.549544	-0.899439
161						-0.258703	0.549544	-0.899439
161						-0.258703	0.549544	-0.899439
161						-0.11571	0.294675	-0.945276
161						-0.11571	0.294675	-0.945276
161						-0.11571	0.294675	-0.945276
161						0.445426	-0.0767259	-0.902965
161						0.445426	-0.0767259	-0.902965
161						0.445426	-0.0767259	-0.902965
161						0.896454	0.172854	-0.24009
161						0.896454	0.172854	-0.24009
161						0.896454	0.172854	-0.24009
161						0.717482	0.643248	-0.0391114
Sensor ID 	electronic compass(calibrate data)x	y	z	
161						0.0297465	0.401702	-0.983351
161						0.0297465	0.401702	-0.983351
161						0.0297465	0.401702	-0.983351
161						0.598627	-0.436813	-0.69638
161						0.598627	-0.436813	-0.69638
161						0.598627	-0.436813	-0.69638
161						0.247582	-1.05286	-0.0327582
161						0.247582	-1.05286	-0.0327582
161						0.247582	-1.05286	-0.0327582
161						0.0260741	0.0912303	0.896312
161						0.0260741	0.0912303	0.896312
161						0.0260741	0.0912303	0.896312
161						-0.214327	0.832237	0.164535
161						-0.214327	0.832237	0.164535
161						-0.214327	0.832237	0.164535
161						-0.124559	0.863257	0.462268
161						-0.124559	0.863257	0.462268
161						-0.124559	0.863257	0.462268
161						-0.0144476	0.815419	-0.517022
161						-0.0144476	0.815419	-0.517022
161						-0.0144476	0.815419	-0.517022
161						0.402051	-0.364242	-0.886498
161						0.402051	-0.364242	-0.886498
161						0.402051	-0.364242	-0.886498
161						0.279433	-0.91026	-0.473977
161						0.279433	-0.91026	-0.473977
161						0.279433	-0.91026	-0.473977
161						-0.0367639	-0.504019	0.81022
161						-0.0367639	-0.504019	0.81022
161						-0.0367639	-0.504019	0.81022
161						-0.104078	0.732107	0.268562
161						-0.104078	0.732107	0.268562
161						-0.104078	0.732107	0.268562
161						-0.185149	0.941085	0.18247
161						-0.185149	0.941085	0.18247
161						-0.185149	0.941085	0.18247
161						0.17915	0.842329	0.412048
161						0.17915	0.842329	0.412048
161						0.17915	0.842329	0.412048
161						0.122595	0.133708	-1.05509
161						0.122595	0.133708	-1.05509
161						0.122595	0.133708	-1.05509
161						0.334315	-0.920854	-0.491912
161						0.334315	-0.920854	-0.491912
161						0.334315	-0.920854	-0.491912
161						-0.138266	-0.972401	0.146599
161						-0.138266	-0.972401	0.146599
161						-0.138266	-0.972401	0.146599
161						0.0157377	0.476823	0.702606
161						0.0157377	0.476823	0.702606
161						0.0157377	0.476823	0.702606
161						-0.366866	0.849091	-0.366362
161						-0.366866	0.849091	-0.366362
161						-0.366866	0.849091	-0.366362
161						0.0151317	1.00015	0.135838
161						0.0151317	1.00015	0.135838
161						0.0151317	1.00015	0.135838
161						0.106933	0.671459	-0.807581
161						0.106933	0.671459	-0.807581
161						0.106933	0.671459	-0.807581
161						0.356111	-0.773287	-0.603114
161						0.356111	-0.773287	-0.603114
161						0.356111	-0.773287	-0.603114
161						0.104946	-1.03077	-0.0471067
161						0.104946	-1.03077	-0.0471067
161						0.104946	-1.03077	-0.0471067
161						0.0242489	0.0464619	0.957293
161						0.0242489	0.0464619	0.957293
161						0.0242489	0.0464619	0.957293
161						-0.147466	0.801202	-0.334078
161						-0.147466	0.801202	-0.334078
161						-0.147466	0.801202	-0.334078
161						-0.118334	1.0468	-0.029171
161						-0.118334	1.0468	-0.029171
161						-0.118334	1.0468	-0.029171
161						-0.0310402	0.924411	-0.305381
161						-0.0310402	0.924411	-0.305381
161						-0.0310402	0.924411	-0.305381
161						0.0781714	-0.387321	-1.01922
161						0.0781714	-0.387321	-1.01922
161						0.0781714	-0.387321	-1.01922
161						0.845895	-0.407349	0.494552
161						0.845895	-0.407349	0.494552
161						0.845895	-0.407349	0.494552
161						0.292862	-1.02951	0.286498
161						0.292862	-1.02951	0.286498
161						0.292862	-1.02951	0.286498
161						0.431735	0.208456	0.853266
161						0.431735	0.208456	0.853266
161						0.431735	0.208456	0.853266
161						-0.56223	0.57576	-0.54572
161						-0.56223	0.57576	-0.54572
161						-0.56223	0.57576	-0.54572
161						-0.256247	1.02972	0.110728
161						-0.256247	1.02972	0.110728
161						-0.256247	1.02972	0.110728
161						0.00164689	0.980355	-0.380711
161						0.00164689	0.980355	-0.380711
161						0.00164689	0.980355	-0.380711
161						0.937302	0.25861	0.695432
161						0.937302	0.25861	0.695432
161						0.937302	0.25861	0.695432
161						0.991458	0.218309	-0.298207
161						0.991458	0.218309	-0.298207
161						0.991458	0.218309	-0.298207
161						0.44246	0.235551	-0.850627
161						0.44246	0.235551	-0.850627
161						0.44246	0.235551	-0.850627
161						0.535246	-0.262597	0.942945
161						0.535246	-0.262597	0.942945
161						0.535246	-0.262597	0.942945
161						-0.364669	-0.785824	0.293672
161						-0.364669	-0.785824	0.293672
161						-0.364669	-0.785824	0.293672
161						-0.717646	0.624328	-0.212115
161						-0.717646	0.624328	-0.212115
161						-0.717646	0.624328	-0.212115
161						-0.0546269	-0.180646	1.0398
161						-0.0546269	-0.180646	1.0398
161						-0.0546269	-0.180646	1.0398
161						-0.591941	0.226446	-0.951067
161						-0.591941	0.226446	-0.951067
161						-0.591941	0.226446	-0.951067
161						0.374302	-0.852424	-0.452454
161						0.374302	-0.852424	-0.452454
161						0.374302	-0.852424	-0.452454
161						0.792825	-0.0860915	-0.57083
161						0.792825	-0.0860915	-0.57083
161						0.792825	-0.0860915	-0.57083
161						0.556131	-0.849919	0.0138747
161						0.556131	-0.849919	0.0138747
161						0.556131	-0.849919	0.0138747
161						-0.0336058	0.877911	0.0533332
161						-0.0336058	0.877911	0.0533332
161						-0.0336058	0.877911	0.0533332
161						-0.412717	0.602931	-0.438105
161						-0.412717	0.602931	-0.438105
161						-0.412717	0.602931	-0.438105
161						-0.379848	0.871813	0.189645
161						-0.379848	0.871813	0.189645
161						-0.379848	0.871813	0.189645
161						-0.494982	0.850417	-0.0363453
161						-0.494982	0.850417	-0.0363453
161						-0.494982	0.850417	-0.0363453
161						-0.483349	0.393793	-0.7466
161						-0.483349	0.393793	-0.7466
161						-0.483349	0.393793	-0.7466
161						0.0874369	0.511859	-0.836278
161						0.0874369	0.511859	-0.836278
161						0.0874369	0.511859	-0.836278
161						0.658731	0.167267	-0.69638
161						0.658731	0.167267	-0.69638
161						0.658731	0.167267	-0.69638
161						0.769298	-0.629506	-0.100914
161						0.769298	-0.629506	-0.100914
161						0.769298	-0.629506	-0.100914
161						0.598081	-0.290092	0.853266
161						0.598081	-0.290092	0.853266
161						0.598081	-0.290092	0.853266
161						0.114168	0.0320351	0.950119
161						0.114168	0.0320351	0.950119
161						0.114168	0.0320351	0.950119
161						0.068898	0.450638	0.742065
161						0.068898	0.450638	0.742065
161						0.068898	0.450638	0.742065
161						0.120653	0.84977	-0.000473891
161						0.120653	0.84977	-0.000473891
161						0.120653	0.84977	-0.000473891
161						-0.019411	0.772397	-0.552894
161						-0.019411	0.772397	-0.552894
161						-0.019411	0.772397	-0.552894
161						0.025354	0.71241	-0.656921
161						0.025354	0.71241	-0.656921
161						0.025354	0.71241	-0.656921
161						0.047821	0.357451	-0.951067
161						0.047821	0.357451	-0.951067
161						0.047821	0.357451	-0.951067
161						0.166398	-0.351578	-0.983351
161						0.166398	-0.351578	-0.983351
161						0.166398	-0.351578	-0.983351
161						0.231422	-0.669194	-0.725077
161						0.231422	-0.669194	-0.725077
161						0.231422	-0.669194	-0.725077
161						0.437612	-0.806219	0.415635
161						0.437612	-0.806219	0.415635
161						0.437612	-0.806219	0.415635
161						0.458797	0.404252	0.892725
161						0.458797	0.404252	0.892725
161						0.458797	0.404252	0.892725
161						0.273031	0.935748	0.0748561
161						0.273031	0.935748	0.0748561
161						0.0880505	0.867286	-0.366362
161						0.0880505	0.867286	-0.366362
161						0.0880505	0.867286	-0.366362
161						-0.241751	0.867286	-0.366362
161						-0.241751	0.867286	-0.366362
161						-0.241751	0.867286	-0.366362
161						-0.405386	0.515434	-0.832691
161						-0.405386	0.515434	-0.832691
161						-0.405386	0.515434	-0.832691
161						-0.223373	0.364988	-0.965415
161						-0.223373	0.364988	-0.965415
161						-0.223373	0.364988	-0.965415
161						0.0613653	-0.786161	-0.69638
161						0.0613653	-0.786161	-0.69638
161						0.0613653	-0.786161	-0.69638
161						1.03166	-0.148669	0.275736
161						1.03166	-0.148669	0.275736
161						0.778575	0.476665	-0.499087
161						0.778575	0.476665	-0.499087
161						0.778575	0.476665	-0.499087
161						0.284257	0.907994	-0.000473891
161						0.284257	0.907994	-0.000473891
161						0.284257	0.907994	-0.000473891
161						-0.216855	0.899422	0.071269
161						-0.216855	0.899422	0.071269
161						-0.216855	0.899422	0.071269
161						-0.770212	0.489603	-0.409408
161						-0.770212	0.489603	-0.409408
161						-0.770212	0.489603	-0.409408
161						-0.504986	0.545791	-0.699967
161						-0.504986	0.545791	-0.699967
161						-0.504986	0.545791	-0.699967
161						0.270703	0.84804	-0.509848
161						0.270703	0.84804	-0.509848
161						0.270703	0.84804	-0.509848
161						0.104498	-0.103412	-1.02281
161						0.104498	-0.103412	-1.02281
161						0.104498	-0.103412	-1.02281
161						0.985172	0.20828	0.2578
161						0.985172	0.20828	0.2578
161						0.985172	0.20828	0.2578
161						0.434904	1.0001	0.340305
161						0.434904	1.0001	0.340305
161						0.434904	1.0001	0.340305
161						0.137356	0.0545811	0.91066
161						0.137356	0.0545811	0.91066
161						0.137356	0.0545811	0.91066
161						-0.240994	0.762611	-0.212115
161						-0.240994	0.762611	-0.212115
161						-0.240994	0.762611	-0.212115
161						-0.758996	0.18606	-0.527784
161						-0.758996	0.18606	-0.527784
161						-0.758996	0.18606	-0.527784
161						-0.500354	0.911876	-0.215702
161						-0.500354	0.911876	-0.215702
161						-0.500354	0.911876	-0.215702
161						0.0822034	0.819381	-0.534958
161						0.0822034	0.819381	-0.534958
161						0.0822034	0.819381	-0.534958
161						0.5164	-0.539741	-0.638985
161						0.5164	-0.539741	-0.638985
161						0.5164	-0.539741	-0.638985
161						1.02538	0.0502327	0.143012
161						1.02538	0.0502327	0.143012
161						1.02538	0.0502327	0.143012
161						0.466869	0.949173	-0.265922
161						0.466869	0.949173	-0.265922
161						0.466869	0.949173	-0.265922
161						-0.365823	0.689442	-0.190592
161						-0.365823	0.689442	-0.190592
161						-0.365823	0.689442	-0.190592
161						-0.282238	0.643509	-0.0650425
161						-0.282238	0.643509	-0.0650425
161						-0.282238	0.643509	-0.0650425
161						-0.263703	0.676165	-0.463215
161						-0.263703	0.676165	-0.463215
161						-0.263703	0.676165	-0.463215
161						-0.424421	0.397496	-0.750187
161						-0.424421	0.397496	-0.750187
161						-0.424421	0.397496	-0.750187
161						-0.204585	0.844207	-0.499087
161						-0.204585	0.844207	-0.499087
161						-0.204585	0.844207	-0.499087
161						0.541795	0.873027	-0.079391
161						0.541795	0.873027	-0.079391
161						0.541795	0.873027	-0.079391
161						0.435336	0.381825	-0.890085
161						0.435336	0.381825	-0.890085
161						0.435336	0.381825	-0.890085
161						0.185705	-0.557305	-0.875737
161						0.185705	-0.557305	-0.875737
161						0.185705	-0.557305	-0.875737
161						-0.33319	-0.355411	-0.97259
161						-0.33319	-0.355411	-0.97259
161						-0.33319	-0.355411	-0.97259
161						0.362002	-0.959493	-0.165482
161						0.362002	-0.959493	-0.165482
161						0.362002	-0.959493	-0.165482
161						0.914358	0.381224	-0.251574
161						0.914358	0.381224	-0.251574
161						0.914358	0.381224	-0.251574
161						0.74423	0.293742	-0.44528
161						0.74423	0.293742	-0.44528
161						0.74423	0.293742	-0.44528
161						0.692243	0.525005	0.250626
161						0.692243	0.525005	0.250626
161						0.692243	0.525005	0.250626
161						0.364127	0.821788	0.340305
161						0.364127	0.821788	0.340305
161						0.364127	0.821788	0.340305
161						-0.645756	0.683572	-0.47039
161						-0.645756	0.683572	-0.47039
161						-0.645756	0.683572	-0.47039
161						-0.502177	0.859165	0.487378
161						-0.502177	0.859165	0.487378
161						-0.502177	0.859165	0.487378
161						-0.509484	0.195792	0.950119
161						-0.509484	0.195792	0.950119
161						-0.509484	0.195792	0.950119
161						-0.316214	0.775741	0.673909
161						-0.316214	0.775741	0.673909
161						-0.316214	0.775741	0.673909
161						0.297248	0.862286	0.516075
161						0.297248	0.862286	0.516075
161						0.297248	0.862286	0.516075
161						0.893955	-0.0306516	0.390525
161						0.893955	-0.0306516	0.390525
161						0.893955	-0.0306516	0.390525
161						0.80305	0.379413	-0.151134
161						0.80305	0.379413	-0.151134
161						0.80305	0.379413	-0.151134
161						0.480101	0.749849	0.293672
161						0.480101	0.749849	0.293672
161						0.480101	0.749849	0.293672
161						-0.454334	-0.691566	0.716955
161						-0.454334	-0.691566	0.716955
161						-0.454334	-0.691566	0.716955
161						-1.02528	-0.512912	0.0927918
161						-1.02528	-0.512912	0.0927918
161						-1.02528	-0.512912	0.0927918
161						-0.373972	-1.03624	-0.147547
161						-0.373972	-1.03624	-0.147547
161						-0.373972	-1.03624	-0.147547
161						0.340605	-0.0249708	-0.933131
161						0.340605	-0.0249708	-0.933131
161						0.340605	-0.0249708	-0.933131
161						0.168039	0.047551	-0.918782
161						0.168039	0.047551	-0.918782
161						0.168039	0.047551	-0.918782
161						-0.419916	0.889832	-0.405821
161						-0.419916	0.889832	-0.405821
161						-0.419916	0.889832	-0.405821
161						-0.768069	-0.460625	0.623689
161						-0.768069	-0.460625	0.623689
161						-0.768069	-0.460625	0.623689
161						-0.855631	-0.685919	-0.201354
161						-0.855631	-0.685919	-0.201354
161						-0.855631	-0.685919	-0.201354
161						-0.0784987	-0.957568	-0.473977
161						-0.0784987	-0.957568	-0.473977
161						-0.0784987	-0.957568	-0.473977
161						0.591694	0.136909	-0.829104
161						0.591694	0.136909	-0.829104
161						0.591694	0.136909	-0.829104
161						0.174441	0.188438	-0.861388
161						0.174441	0.188438	-0.861388
161						0.174441	0.188438	-0.861388
161						-0.493595	0.50505	-0.660508
161						-0.493595	0.50505	-0.660508
161						-0.493595	0.50505	-0.660508
161						-0.607702	-0.209063	0.799459
161						-0.607702	-0.209063	0.799459
161						-0.607702	-0.209063	0.799459
161						-0.793364	-0.777153	-0.187005
161						-0.793364	-0.777153	-0.187005
161						-0.793364	-0.777153	-0.187005
161						-0.0577681	-0.730734	-0.743012
161						-0.0577681	-0.730734	-0.743012
161						-0.0577681	-0.730734	-0.743012
161						0.5411	0.0430061	-0.868562
161						0.5411	0.0430061	-0.868562
161						0.5411	0.0430061	-0.868562
161						-0.00593435	0.613768	-0.635398
161						-0.00593435	0.613768	-0.635398
161						-0.00593435	0.613768	-0.635398
161						-0.45229	0.878654	0.415635
161						-0.45229	0.878654	0.415635
161						-0.45229	0.878654	0.415635
161						-0.671099	-0.688784	0.562708
161						-0.671099	-0.688784	0.562708
161						-0.671099	-0.688784	0.562708
161						0.114349	-1.04159	0.351066
161						0.114349	-1.04159	0.351066
161						0.114349	-1.04159	0.351066
161						0.707558	-0.580273	-0.409408
161						0.707558	-0.580273	-0.409408
161						0.707558	-0.580273	-0.409408
161						0.0471151	-0.153761	-0.854214
161						0.0471151	-0.153761	-0.854214
161						0.0471151	-0.153761	-0.854214
161						-0.412678	0.978883	-0.0973267
161						-0.412678	0.978883	-0.0973267
161						-0.412678	0.978883	-0.0973267
161						-0.444619	-0.254802	0.914247
161						-0.444619	-0.254802	0.914247
161						-0.444619	-0.254802	0.914247
161						0.324538	-0.624754	0.846092
161						0.324538	-0.624754	0.846092
161						0.324538	-0.624754	0.846092
161						0.554437	-0.861449	-0.355601
161						0.554437	-0.861449	-0.355601
161						0.554437	-0.861449	-0.355601
161						0.0667831	-0.354102	-0.843452
161						0.0667831	-0.354102	-0.843452
161						0.0667831	-0.354102	-0.843452
161						-0.615969	0.13107	-0.707141
161						-0.615969	0.13107	-0.707141
161						-0.615969	0.13107	-0.707141
161						-0.488234	0.332701	0.824569
161						-0.488234	0.332701	0.824569
161						-0.488234	0.332701	0.824569
161						0.0317664	-0.70085	0.828156
161						0.0317664	-0.70085	0.828156
161						0.0317664	-0.70085	0.828156
161						0.815694	-0.566576	0.243452
161						0.815694	-0.566576	0.243452
161						0.815694	-0.566576	0.243452
161						0.232301	-0.885499	-0.434518
161						0.232301	-0.885499	-0.434518
161						0.232301	-0.885499	-0.434518
161						-0.397626	-0.455138	-0.689205
161						-0.397626	-0.455138	-0.689205
161						-0.397626	-0.455138	-0.689205
161						-0.684842	0.811552	-0.100914
161						-0.684842	0.811552	-0.100914
161						-0.684842	0.811552	-0.100914
161						-0.188219	-0.278383	1.0111
161						-0.188219	-0.278383	1.0111
161						-0.188219	-0.278383	1.0111
161						0.704783	0.0483383	0.853266
161						0.704783	0.0483383	0.853266
161						0.704783	0.0483383	0.853266
161						1.00536	0.111902	0.153773
161						1.00536	0.111902	0.153773
161						1.00536	0.111902	0.153773
161						-0.0288223	-0.656579	-0.617462
161						-0.0288223	-0.656579	-0.617462
161						-0.0288223	-0.656579	-0.617462
161						-0.653631	-0.305808	-0.69638
161						-0.653631	-0.305808	-0.69638
161						-0.653631	-0.305808	-0.69638
161						-0.742913	0.739871	-0.161895
161						-0.742913	0.739871	-0.161895
161						-0.742913	0.739871	-0.161895
161						0.16508	-0.00213967	1.02904
161						0.16508	-0.00213967	1.02904
161						0.16508	-0.00213967	1.02904
161						0.860233	-0.0460334	0.638037
161						0.860233	-0.0460334	0.638037
161						0.860233	-0.0460334	0.638037
161						0.811341	-0.0804826	0.530423
161						0.811341	-0.0804826	0.530423
161						0.811341	-0.0804826	0.530423
161						0.179316	-0.929266	-0.0255839
161						0.179316	-0.929266	-0.0255839
161						0.179316	-0.929266	-0.0255839
161						-0.478804	-0.898924	-0.0937396
161						-0.478804	-0.898924	-0.0937396
161						-0.478804	-0.898924	-0.0937396
161						-0.826769	0.278216	-0.391472
161						-0.826769	0.278216	-0.391472
161						-0.826769	0.278216	-0.391472
161						-0.0484392	0.616416	0.831743
161						-0.0484392	0.616416	0.831743
161						-0.0484392	0.616416	0.831743
161						0.579806	0.512437	0.745652
161						0.579806	0.512437	0.745652
161						0.579806	0.512437	0.745652
161						0.747833	0.624069	-0.197767
161						0.747833	0.624069	-0.197767
161						0.747833	0.624069	-0.197767
161						0.782576	0.461542	-0.265922
161						0.782576	0.461542	-0.265922
161						0.782576	0.461542	-0.265922
161						0.36957	-0.861597	0.2578
161						0.36957	-0.861597	0.2578
161						0.36957	-0.861597	0.2578
161						-0.235185	-0.860787	-0.190592
161						-0.235185	-0.860787	-0.190592
161						-0.235185	-0.860787	-0.190592
161						-0.014529	-0.727503	0.691845
161						-0.014529	-0.727503	0.691845
161						-0.014529	-0.727503	0.691845
161						-0.652507	-0.884238	-0.100914
161						-0.652507	-0.884238	-0.100914
161						-0.652507	-0.884238	-0.100914
161						-0.187558	1.03593	-0.233638
161						-0.187558	1.03593	-0.233638
161						-0.187558	1.03593	-0.233638
161						0.347556	0.949463	0.121489
161						0.347556	0.949463	0.121489
161						0.347556	0.949463	0.121489
161						0.864651	-0.249058	0.394112
161						0.864651	-0.249058	0.394112
161						0.864651	-0.249058	0.394112
161						0.85896	0.342877	-0.34484
161						0.85896	0.342877	-0.34484
161						0.85896	0.342877	-0.34484
161						0.869823	0.247615	-0.308968
161						0.869823	0.247615	-0.308968
161						0.869823	0.247615	-0.308968
161						0.766834	0.420656	-0.42017
161						0.766834	0.420656	-0.42017
161						0.766834	0.420656	-0.42017
161						0.952327	0.247646	0.0927918
161						0.952327	0.247646	0.0927918
161						0.952327	0.247646	0.0927918
161						0.814245	0.486464	0.168122
161						0.814245	0.486464	0.168122
161						0.814245	0.486464	0.168122
161						0.436907	0.740373	-0.391472
161						0.436907	0.740373	-0.391472
161						0.436907	0.740373	-0.391472
161						0.408262	0.906814	-0.136785
161						0.408262	0.906814	-0.136785
161						0.408262	0.906814	-0.136785
161						0.412166	0.847893	0.103553
161						0.412166	0.847893	0.103553
161						0.412166	0.847893	0.103553
161						0.156253	0.855075	-0.29462
161						0.156253	0.855075	-0.29462
161						0.156253	0.855075	-0.29462
161						0.140426	0.941716	-0.054281
161						0.140426	0.941716	-0.054281
161						0.140426	0.941716	-0.054281
161						0.192878	0.972461	0.0569204
161						0.192878	0.972461	0.0569204
161						0.192878	0.972461	0.0569204
161						0.683311	0.756757	-0.291032
161						0.683311	0.756757	-0.291032
161						0.683311	0.756757	-0.291032
161						0.880503	0.603237	0.150186
161						0.880503	0.603237	0.150186
161						0.880503	0.603237	0.150186
161						0.350443	0.790298	0.673909
161						0.350443	0.790298	0.673909
161						0.350443	0.790298	0.673909
161						-0.443079	0.842781	0.386938
161						-0.443079	0.842781	0.386938
161						-0.443079	0.842781	0.386938
161						-0.61077	-0.62999	-0.477564
161						-0.61077	-0.62999	-0.477564
161						-0.61077	-0.62999	-0.477564
161						-0.0422923	-0.678737	-0.599527
161						-0.0422923	-0.678737	-0.599527
161						-0.0422923	-0.678737	-0.599527
161						0.410931	-0.0766291	-0.893672
161						0.410931	-0.0766291	-0.893672
161						0.410931	-0.0766291	-0.893672
161						-0.0561512	-1.00785	-0.308968
161						-0.0561512	-1.00785	-0.308968
161						-0.0561512	-1.00785	-0.308968
161						-0.55347	-0.889334	0.38335
161						-0.55347	-0.889334	0.38335
161						-0.55347	-0.889334	0.38335
161						-0.40249	-0.331804	0.946532
161						-0.40249	-0.331804	0.946532
161						-0.40249	-0.331804	0.946532
161						-0.257643	0.802625	-0.412995
161						-0.257643	0.802625	-0.412995
161						-0.257643	0.802625	-0.412995
161						0.461101	0.884462	-0.108088
161						0.461101	0.884462	-0.108088
161						0.461101	0.884462	-0.108088
161						0.954082	0.321478	0.236278
161						0.954082	0.321478	0.236278
161						0.954082	0.321478	0.236278
161						-0.355471	0.206229	-1.04075
161						-0.355471	0.206229	-1.04075
161						-0.355471	0.206229	-1.04075
161						-0.843218	-0.571815	-0.273097
161						-0.843218	-0.571815	-0.273097
161						-0.843218	-0.571815	-0.273097
161						-0.528284	-0.656162	0.569882
161						-0.528284	-0.656162	0.569882
161						-0.528284	-0.656162	0.569882
161						0.137343	0.881097	0.0784432
161						0.137343	0.881097	0.0784432
161						0.137343	0.881097	0.0784432
161						0.592249	0.82449	-0.0112353
161						0.592249	0.82449	-0.0112353
161						0.674288	0.728258	0.0784432
161						0.674288	0.728258	0.0784432
161						0.674288	0.728258	0.0784432
161						-0.649079	0.181548	-0.882911
161						-0.649079	0.181548	-0.882911
161						-0.649079	0.181548	-0.882911
161						-0.93805	-0.55121	-0.204941
161						-0.93805	-0.55121	-0.204941
161						-0.93805	-0.55121	-0.204941
161						-0.0274099	-0.0726401	1.10437
161						-0.0274099	-0.0726401	1.10437
161						0.573159	0.734097	-0.0435196
161						0.573159	0.734097	-0.0435196
161						0.573159	0.734097	-0.0435196
161						0.853889	0.478345	0.214755
161						0.853889	0.478345	0.214755
161						0.853889	0.478345	0.214755
161						0.191224	0.935328	-0.305381
161						0.191224	0.935328	-0.305381
161						0.191224	0.935328	-0.305381
161						-0.819202	0.280012	-0.692792
161						-0.819202	0.280012	-0.692792
161						-0.819202	0.280012	-0.692792
161						-0.918405	-0.298191	-0.513435
161						-0.918405	-0.298191	-0.513435
161						-0.918405	-0.298191	-0.513435
161						0.10296	-0.247184	1.09719
161						0.10296	-0.247184	1.09719
161						0.10296	-0.247184	1.09719
161						0.452868	0.844772	0.0748561
161						0.452868	0.844772	0.0748561
161						0.452868	0.844772	0.0748561
161						0.76206	-0.123957	0.519662
161						0.76206	-0.123957	0.519662
161						0.76206	-0.123957	0.519662
161						0.926143	0.167878	0.480203
161						0.926143	0.167878	0.480203
161						0.926143	0.167878	0.480203
161						0.516766	0.745953	-0.499087
161						0.516766	0.745953	-0.499087
161						0.516766	0.745953	-0.499087
161						0.493574	0.931495	-0.29462
161						0.493574	0.931495	-0.29462
161						0.493574	0.931495	-0.29462
161						0.715674	0.55258	0.537598
161						0.715674	0.55258	0.537598
161						0.715674	0.55258	0.537598
161						0.718361	0.653616	0.38335
161						0.718361	0.653616	0.38335
161						0.718361	0.653616	0.38335
161						0.588238	0.729568	0.20758
161						0.588238	0.729568	0.20758
161						0.588238	0.729568	0.20758
161						-0.163925	0.375711	-0.954654
161						-0.163925	0.375711	-0.954654
161						-0.163925	0.375711	-0.954654
161						0.385689	-0.685921	0.605753
161						0.385689	-0.685921	0.605753
161						0.385689	-0.685921	0.605753
161						0.496052	-0.38414	0.620102
161						0.496052	-0.38414	0.620102
161						0.496052	-0.38414	0.620102
161						-0.0763764	-0.796449	-0.126024
161						-0.0763764	-0.796449	-0.126024
161						-0.0763764	-0.796449	-0.126024
161						0.457579	-0.0316558	0.849679
161						0.457579	-0.0316558	0.849679
161						0.457579	-0.0316558	0.849679
161						-0.144137	0.763227	-0.649747
161						-0.144137	0.763227	-0.649747
161						-0.144137	0.763227	-0.649747
161						-0.268025	0.695121	-0.707141
161						-0.268025	0.695121	-0.707141
161						-0.268025	0.695121	-0.707141
161						-0.208555	0.855448	-0.517022
161						-0.208555	0.855448	-0.517022
161						-0.208555	0.855448	-0.517022
161						-0.231269	-0.677895	-0.64616
161						-0.231269	-0.677895	-0.64616
161						-0.231269	-0.677895	-0.64616
161						0.550317	-0.113218	0.731303
161						0.550317	-0.113218	0.731303
161						0.550317	-0.113218	0.731303
161						0.120944	-0.646943	0.462268
161						0.120944	-0.646943	0.462268
161						0.120944	-0.646943	0.462268
161						0.382462	-0.251615	0.939357
161						0.382462	-0.251615	0.939357
161						0.382462	-0.251615	0.939357
161						-0.172596	0.969762	-0.398647
161						-0.172596	0.969762	-0.398647
161						-0.172596	0.969762	-0.398647
161						-0.392372	0.716696	-0.692792
161						-0.392372	0.716696	-0.692792
161						-0.392372	0.716696	-0.692792
161						-0.324756	-0.111402	-0.983351
161						-0.324756	-0.111402	-0.983351
161						-0.324756	-0.111402	-0.983351
161						0.508796	-0.593522	0.526836
161						0.508796	-0.593522	0.526836
161						0.508796	-0.593522	0.526836
161						0.23915	-0.805895	0.397699
161						0.23915	-0.805895	0.397699
161						0.23915	-0.805895	0.397699
161						0.244882	-0.92367	0.0676818
161						0.244882	-0.92367	0.0676818
161						0.244882	-0.92367	0.0676818
161						0.715441	-0.209321	0.813807
161						0.715441	-0.209321	0.813807
161						0.715441	-0.209321	0.813807
161						0.590284	0.698983	0.490965
161						0.590284	0.698983	0.490965
161						0.590284	0.698983	0.490965
161						0.675489	0.403654	0.724129
161						0.675489	0.403654	0.724129
161						0.675489	0.403654	0.724129
161						0.205432	0.931495	-0.29462
161						0.205432	0.931495	-0.29462
161						0.205432	0.931495	-0.29462
161						-0.189236	-0.403819	-0.911608
161						-0.189236	-0.403819	-0.911608
161						-0.189236	-0.403819	-0.911608
161						-0.0566784	-0.96585	-0.0148225
161						-0.0566784	-0.96585	-0.0148225
161						-0.0566784	-0.96585	-0.0148225
161						0.020014	-0.927762	0.0927918
161						0.020014	-0.927762	0.0927918
161						0.020014	-0.927762	0.0927918
161						0.268046	-0.683996	0.297259
161						0.268046	-0.683996	0.297259
161						0.268046	-0.683996	0.297259
161						0.599651	0.33951	0.648799
161						0.599651	0.33951	0.648799
161						0.599651	0.33951	0.648799
161						0.369249	0.735942	-0.549307
161						0.369249	0.735942	-0.549307
161						0.369249	0.735942	-0.549307
161						0.616287	0.233481	-0.735838
161						0.616287	0.233481	-0.735838
161						0.616287	0.233481	-0.735838
161						0.830485	0.586175	-0.316142
161						0.830485	0.586175	-0.316142
161						0.830485	0.586175	-0.316142
161						0.932556	0.418811	0.0856175
161						0.932556	0.418811	0.0856175
161						0.932556	0.418811	0.0856175
161						0.571747	0.840858	-0.111675
161						0.571747	0.840858	-0.111675
161						0.571747	0.840858	-0.111675
161						0.666703	0.832868	-0.0722167
161						0.666703	0.832868	-0.0722167
161						0.666703	0.832868	-0.0722167
161						0.982655	0.0523344	0.429983
161						0.982655	0.0523344	0.429983
161						0.982655	0.0523344	0.429983
161						1.00892	-0.375679	-0.0506939
161						1.00892	-0.375679	-0.0506939
161						1.00892	-0.375679	-0.0506939
161						0.823339	-0.608464	-0.258748
161						0.823339	-0.608464	-0.258748
161						0.823339	-0.608464	-0.258748
161						0.354327	-0.746714	-0.664095
161						0.354327	-0.746714	-0.664095
161						0.354327	-0.746714	-0.664095
161						0.0822077	0.147617	-1.01922
161						0.0822077	0.147617	-1.01922
161						0.0822077	0.147617	-1.01922
161						0.00687862	0.147034	-0.986938
161						0.00687862	0.147034	-0.986938
161						0.00687862	0.147034	-0.986938
161						0.257579	0.798388	-0.581591
161						0.257579	0.798388	-0.581591
161						0.257579	0.798388	-0.581591
161						0.531765	0.792629	-0.262335
161						0.531765	0.792629	-0.262335
161						0.531765	0.792629	-0.262335
161						0.771807	0.441113	0.261388
161						0.771807	0.441113	0.261388
161						0.771807	0.441113	0.261388
161						0.90681	-0.163355	0.28291
161						0.90681	-0.163355	0.28291
161						0.90681	-0.163355	0.28291
161						0.675964	0.547841	0.598579
161						0.675964	0.547841	0.598579
161						0.675964	0.547841	0.598579
161						0.330505	0.91317	-0.287445
161						0.330505	0.91317	-0.287445
161						0.330505	0.91317	-0.287445
161						0.34564	1.01286	-0.165482
161						0.34564	1.01286	-0.165482
161						0.34564	1.01286	-0.165482
161						0.288687	0.911537	-0.398647
161						0.288687	0.911537	-0.398647
161						0.288687	0.911537	-0.398647
161						-0.248364	0.412878	-0.9977
161						-0.248364	0.412878	-0.9977
161						-0.248364	0.412878	-0.9977
161						-0.27092	-0.322401	-0.986938
161						-0.27092	-0.322401	-0.986938
161						-0.27092	-0.322401	-0.986938
161						0.597484	0.150236	-0.760948
161						0.597484	0.150236	-0.760948
161						0.597484	0.150236	-0.760948
161						0.902936	-0.371005	-0.108088
161						0.902936	-0.371005	-0.108088
161						0.902936	-0.371005	-0.108088
161						0.676872	-0.101201	0.670322
161						0.676872	-0.101201	0.670322
161						0.676872	-0.101201	0.670322
161						-0.245722	-1.04751	0.275736
161						-0.245722	-1.04751	0.275736
161						-0.245722	-1.04751	0.275736
161						-0.805366	-0.600862	-0.276684
161						-0.805366	-0.600862	-0.276684
161						-0.805366	-0.600862	-0.276684
161						-0.794027	-0.656403	-0.0219967
161						-0.794027	-0.656403	-0.0219967
161						-0.794027	-0.656403	-0.0219967
161						0.168088	-0.832712	0.673909
161						0.168088	-0.832712	0.673909
161						0.168088	-0.832712	0.673909
161						0.833417	-0.174256	0.48379
161						0.833417	-0.174256	0.48379
161						0.833417	-0.174256	0.48379
161						0.915265	-0.198174	-0.409408
161						0.915265	-0.198174	-0.409408
161						0.915265	-0.198174	-0.409408
161						0.438378	-0.862971	0.13225
161						0.438378	-0.862971	0.13225
161						0.438378	-0.862971	0.13225
161						0.0303959	-0.522747	0.638037
161						0.0303959	-0.522747	0.638037
161						0.0303959	-0.522747	0.638037
161						-0.153191	-0.260074	0.803046
161						-0.153191	-0.260074	0.803046
161						-0.153191	-0.260074	0.803046
161						-0.45522	-0.260074	0.803046
161						-0.45522	-0.260074	0.803046
161						-0.45522	-0.260074	0.803046
161						-0.257454	-0.460997	0.846092
161						-0.257454	-0.460997	0.846092
161						-0.257454	-0.460997	0.846092
161						0.602397	0.502426	0.695432
161						0.602397	0.502426	0.695432
161						0.602397	0.502426	0.695432
161						0.732511	0.055427	-0.750187
161						0.732511	0.055427	-0.750187
161						0.732511	0.055427	-0.750187
161						0.0285135	-0.863939	-0.62105
161						0.0285135	-0.863939	-0.62105
161						0.0285135	-0.863939	-0.62105
161						-0.494601	-0.684399	0.117902
161						-0.494601	-0.684399	0.117902
161						-0.494601	-0.684399	0.117902
161						-0.241666	0.204752	0.856853
161						-0.241666	0.204752	0.856853
161						-0.241666	0.204752	0.856853
161						0.0541902	-0.261497	0.881963
161						0.0541902	-0.261497	0.881963
161						0.0541902	-0.261497	0.881963
161						0.828242	0.133444	0.573469
161						0.828242	0.133444	0.573469
161						0.828242	0.133444	0.573469
161						0.384978	-0.75197	-0.574417
161						0.384978	-0.75197	-0.574417
161						0.384978	-0.75197	-0.574417
161						-0.621774	-0.0469033	-0.524197
161						-0.621774	-0.0469033	-0.524197
161						-0.621774	-0.0469033	-0.524197
161						-0.378018	0.805017	0.261388
161						-0.378018	0.805017	0.261388
161						-0.378018	0.805017	0.261388
161						-0.72696	-0.428096	-0.574417
161						-0.72696	-0.428096	-0.574417
161						-0.72696	-0.428096	-0.574417
161						0.368891	0.757857	-0.352014
161						0.368891	0.757857	-0.352014
161						0.368891	0.757857	-0.352014
161						0.374513	0.127027	-0.886498
161						0.374513	0.127027	-0.886498
161						0.374513	0.127027	-0.886498
161						0.649549	0.732578	-0.362775
161						0.649549	0.732578	-0.362775
161						0.649549	0.732578	-0.362775
161						-0.296839	-0.0108832	-1.1089
161						-0.296839	-0.0108832	-1.1089
161						-0.296839	-0.0108832	-1.1089
161						0.397075	-0.912608	0.261388
161						0.397075	-0.912608	0.261388
161						0.397075	-0.912608	0.261388
161						0.31212	-0.854316	-0.549307
161						0.31212	-0.854316	-0.549307
161						0.31212	-0.854316	-0.549307
161						0.316765	-0.814983	-0.308968
161						0.316765	-0.814983	-0.308968
161						0.316765	-0.814983	-0.308968
161						0.855545	0.0442799	0.473029
161						0.855545	0.0442799	0.473029
161						0.855545	0.0442799	0.473029
161						0.625675	-0.0468745	0.68467
161						0.625675	-0.0468745	0.68467
161						0.625675	-0.0468745	0.68467
161						0.0856257	-0.499135	0.942945
161						0.0856257	-0.499135	0.942945
161						0.0856257	-0.499135	0.942945
161						-0.320945	0.399836	0.93577
161						-0.320945	0.399836	0.93577
161						-0.320945	0.399836	0.93577
161						-0.409906	0.0502303	0.950119
161						-0.409906	0.0502303	0.950119
161						-0.409906	0.0502303	0.950119
161						-0.223586	-1.04458	0.315195
161						-0.223586	-1.04458	0.315195
161						-0.223586	-1.04458	0.315195
161						0.149998	-0.917443	-0.0758039
161						0.149998	-0.917443	-0.0758039
161						0.149998	-0.917443	-0.0758039
161						0.869766	-0.286306	0.239865
161						0.869766	-0.286306	0.239865
161						0.869766	-0.286306	0.239865
161						0.26704	-0.840782	0.516075
161						0.26704	-0.840782	0.516075
161						0.26704	-0.840782	0.516075
161						-0.896465	0.482794	-0.233638
161						-0.896465	0.482794	-0.233638
161						-0.896465	0.482794	-0.233638
161						-0.375811	0.873009	0.526836
161						-0.375811	0.873009	0.526836
161						-0.375811	0.873009	0.526836
161						0.577025	-0.269762	0.73489
161						0.577025	-0.269762	0.73489
161						0.577025	-0.269762	0.73489
161						0.890511	-0.359345	0.254213
161						0.890511	-0.359345	0.254213
161						0.890511	-0.359345	0.254213
161						0.343079	0.723032	0.569882
161						0.343079	0.723032	0.569882
161						0.343079	0.723032	0.569882
161						-0.909935	-0.502383	0.114315
161						-0.909935	-0.502383	0.114315
161						-0.909935	-0.502383	0.114315
161						-0.451757	0.856432	0.437158
161						-0.451757	0.856432	0.437158
161						-0.451757	0.856432	0.437158
161						0.104284	0.683686	-0.678444
161						0.104284	0.683686	-0.678444
161						0.104284	0.683686	-0.678444
161						0.912536	0.328935	0.0246361
161						0.912536	0.328935	0.0246361
161						0.912536	0.328935	0.0246361
161						0.471797	0.573056	0.612927
161						0.471797	0.573056	0.612927
161						0.471797	0.573056	0.612927
161						-0.353095	0.577681	0.76
161						-0.353095	0.577681	0.76
161						-0.353095	0.577681	0.76
161						-0.745877	-0.685807	0.397699
161						-0.745877	-0.685807	0.397699
161						-0.745877	-0.685807	0.397699
161						-0.40876	-0.902708	-0.287445
161						-0.40876	-0.902708	-0.287445
161						-0.40876	-0.902708	-0.287445
161						0.450667	-0.76106	-0.473977
161						0.450667	-0.76106	-0.473977
161						0.450667	-0.76106	-0.473977
161						0.34477	-0.149604	-0.882911
161						0.34477	-0.149604	-0.882911
161						0.34477	-0.149604	-0.882911
161						-0.34069	-0.545337	-0.732251
161						-0.34069	-0.545337	-0.732251
161						-0.34069	-0.545337	-0.732251
161						-0.683623	0.845483	0.0353975
161						-0.683623	0.845483	0.0353975
161						-0.683623	0.845483	0.0353975
161						-0.380938	-0.189687	0.93577
161						-0.380938	-0.189687	0.93577
161						-0.380938	-0.189687	0.93577
161						0.432859	0.260712	0.982403
161						0.432859	0.260712	0.982403
161						0.432859	0.260712	0.982403
161						0.92158	0.34045	0.193232
161						0.92158	0.34045	0.193232
161						0.92158	0.34045	0.193232
161						0.572152	-0.814142	-0.355601
161						0.572152	-0.814142	-0.355601
161						0.572152	-0.814142	-0.355601
161						0.685365	0.274331	0.630863
161						0.685365	0.274331	0.630863
161						0.685365	0.274331	0.630863
161						-0.356238	0.46397	-0.803994
161						-0.356238	0.46397	-0.803994
161						-0.356238	0.46397	-0.803994
161						-0.646161	0.282033	-0.603114
161						-0.646161	0.282033	-0.603114
161						-0.646161	0.282033	-0.603114
161						-0.335373	0.111447	0.98599
161						-0.335373	0.111447	0.98599
161						-0.335373	0.111447	0.98599
161						-0.220113	0.609979	0.78511
161						-0.220113	0.609979	0.78511
161						-0.220113	0.609979	0.78511
161						-0.30336	0.878848	0.404873
161						-0.30336	0.878848	0.404873
161						-0.30336	0.878848	0.404873
161						0.296931	0.789376	0.523249
161						0.296931	0.789376	0.523249
161						0.296931	0.789376	0.523249
161						0.679322	0.610872	-0.273097
161						0.679322	0.610872	-0.273097
161						0.679322	0.610872	-0.273097
161						0.314714	0.42153	-0.87215
161						0.314714	0.42153	-0.87215
161						0.314714	0.42153	-0.87215
161						0.895889	0.396249	-0.0758039
161						0.895889	0.396249	-0.0758039
161						0.895889	0.396249	-0.0758039
161						0.893273	-0.329293	-0.201354
161						0.893273	-0.329293	-0.201354
161						0.893273	-0.329293	-0.201354
161						0.981645	-0.193031	-0.291032
161						0.981645	-0.193031	-0.291032
161						0.981645	-0.193031	-0.291032
161						1.01596	-0.145514	-0.100914
161						1.01596	-0.145514	-0.100914
161						1.01596	-0.145514	-0.100914
161						0.837177	-0.499018	-0.0722167
161						0.837177	-0.499018	-0.0722167
161						0.837177	-0.499018	-0.0722167
161						0.65155	-0.719302	0.0353975
161						0.65155	-0.719302	0.0353975
161						0.65155	-0.719302	0.0353975
161						0.725008	-0.460575	0.419222
161						0.725008	-0.460575	0.419222
161						0.725008	-0.460575	0.419222
161						0.534821	-0.681974	0.386938
161						0.534821	-0.681974	0.386938
161						0.534821	-0.681974	0.386938
161						0.625866	-0.24969	0.630863
161						0.625866	-0.24969	0.630863
161						0.625866	-0.24969	0.630863
161						0.254197	0.855963	0.261388
161						0.254197	0.855963	0.261388
161						0.254197	0.855963	0.261388
161						-0.014531	0.969824	0.404873
161						-0.014531	0.969824	0.404873
161						-0.014531	0.969824	0.404873
161						0.122349	0.756835	0.713367
161						0.122349	0.756835	0.713367
161						0.122349	0.756835	0.713367
161						-0.00175061	0.943771	-0.36995
161						-0.00175061	0.943771	-0.36995
161						-0.00175061	0.943771	-0.36995
161						0.199999	0.23911	-1.04792
161						0.199999	0.23911	-1.04792
161						0.199999	0.23911	-1.04792
161						0.697976	-0.624588	-0.373537
161						0.697976	-0.624588	-0.373537
161						0.697976	-0.624588	-0.373537
161						0.245291	-0.301785	0.896312
161						0.245291	-0.301785	0.896312
161						0.245291	-0.301785	0.896312
161						0.0223482	0.274088	0.846092
161						0.0223482	0.274088	0.846092
161						-0.363078	-0.076683	0.925009
161						-0.363078	-0.076683	0.925009
161						-0.363078	-0.076683	0.925009
161						0.216031	0.340059	1.02186
161						0.216031	0.340059	1.02186
161						0.216031	0.340059	1.02186
161						0.364685	0.479237	-0.843452
161						0.364685	0.479237	-0.843452
161						0.364685	0.479237	-0.843452
161						0.68106	-0.670408	-0.456041
161						0.68106	-0.670408	-0.456041
161						0.68106	-0.670408	-0.456041
161						-0.227929	-0.877721	0.143012
161						-0.227929	-0.877721	0.143012
161						-0.227929	-0.877721	0.143012
161						-0.0970581	-0.108852	0.892725
161						-0.0970581	-0.108852	0.892725
161						-0.0970581	-0.108852	0.892725
161						-0.514711	0.0598378	0.820982
161						-0.514711	0.0598378	0.820982
161						-0.514711	0.0598378	0.820982
161						0.185577	-0.336219	0.989577
161						0.185577	-0.336219	0.989577
161						0.185577	-0.336219	0.989577
161						0.614641	0.57576	-0.54572
161						0.614641	0.57576	-0.54572
161						0.614641	0.57576	-0.54572
161						0.709026	-0.7494	-0.111675
161						0.709026	-0.7494	-0.111675
161						0.709026	-0.7494	-0.111675
161						-0.342626	-0.73685	-0.000473891
161						-0.342626	-0.73685	-0.000473891
161						-0.342626	-0.73685	-0.000473891
161						-0.356204	-0.283008	0.864027
161						-0.356204	-0.283008	0.864027
161						-0.356204	-0.283008	0.864027
161						-0.2237	-0.256031	0.982403
161						-0.2237	-0.256031	0.982403
161						-0.2237	-0.256031	0.982403
161						0.806495	0.270886	0.620102
161						0.806495	0.270886	0.620102
161						0.806495	0.270886	0.620102
161						0.667396	-0.482229	-0.599527
161						0.667396	-0.482229	-0.599527
161						0.667396	-0.482229	-0.599527
161						-0.146058	-0.891744	0.315195
161						-0.146058	-0.891744	0.315195
161						-0.146058	-0.891744	0.315195
161						-0.387455	-0.565898	0.60934
161						-0.387455	-0.565898	0.60934
161						-0.387455	-0.565898	0.60934
161						-0.465994	-0.203337	0.88555
161						-0.465994	-0.203337	0.88555
161						-0.465994	-0.203337	0.88555
161						0.461924	-0.101574	0.892725
161						0.461924	-0.101574	0.892725
161						0.461924	-0.101574	0.892725
161						0.690868	0.316596	-0.703554
161						0.690868	0.316596	-0.703554
161						0.690868	0.316596	-0.703554
161						0.312819	-0.95917	-0.183418
161						0.312819	-0.95917	-0.183418
161						0.312819	-0.95917	-0.183418
161						-0.370975	-0.681925	0.18247
161						-0.370975	-0.681925	0.18247
161						-0.370975	-0.681925	0.18247
161						-0.250309	-0.159734	0.889137
161						-0.250309	-0.159734	0.889137
161						-0.250309	-0.159734	0.889137
161						-0.292553	-0.283655	0.899899
161						-0.292553	-0.283655	0.899899
161						-0.292553	-0.283655	0.899899
161						0.467167	-0.431238	0.81022
161						0.467167	-0.431238	0.81022
161						0.467167	-0.431238	0.81022
161						0.640345	0.324974	-0.764535
161						0.640345	0.324974	-0.764535
161						0.640345	0.324974	-0.764535
161						0.26705	-0.993425	-0.301794
161						0.26705	-0.993425	-0.301794
161						0.26705	-0.993425	-0.301794
161						-0.462195	-0.615403	-0.0758039
161						-0.462195	-0.615403	-0.0758039
161						-0.462195	-0.615403	-0.0758039
161						-0.125122	-0.240245	0.914247
161						-0.125122	-0.240245	0.914247
161						-0.125122	-0.240245	0.914247
161						0.143533	0.243099	0.950119
161						0.143533	0.243099	0.950119
161						0.143533	0.243099	0.950119
161						0.791522	0.297071	0.580643
161						0.791522	0.297071	0.580643
161						0.791522	0.297071	0.580643
161						0.305635	-0.00827944	-1.05151
161						0.305635	-0.00827944	-1.05151
161						0.305635	-0.00827944	-1.05151
161						-0.463664	-0.57762	-0.556481
161						-0.463664	-0.57762	-0.556481
161						-0.463664	-0.57762	-0.556481
161						-0.469584	0.767689	-0.0901525
161						-0.469584	0.767689	-0.0901525
161						-0.469584	0.767689	-0.0901525
161						-0.586286	0.546389	-0.531371
161						-0.586286	0.546389	-0.531371
161						-0.586286	0.546389	-0.531371
161						0.277834	-0.809193	-0.226464
161						0.277834	-0.809193	-0.226464
161						0.277834	-0.809193	-0.226464
161						0.29013	0.171472	-0.929544
161						0.29013	0.171472	-0.929544
161						0.29013	0.171472	-0.929544
161						0.487847	0.114816	-0.814755
161						0.487847	0.114816	-0.814755
161						0.487847	0.114816	-0.814755
161						0.764453	0.483894	-0.29462
161						0.764453	0.483894	-0.29462
161						0.764453	0.483894	-0.29462
161						0.299381	-0.257157	-0.97259
161						0.299381	-0.257157	-0.97259
161						0.299381	-0.257157	-0.97259
161						0.229198	-0.999199	-0.183418
161						0.229198	-0.999199	-0.183418
161						0.229198	-0.999199	-0.183418
161						-0.0613209	-0.811295	-0.513435
161						-0.0613209	-0.811295	-0.513435
161						-0.0613209	-0.811295	-0.513435
161						0.412459	-0.718041	0.369002
161						0.412459	-0.718041	0.369002
161						0.412459	-0.718041	0.369002
161						0.502286	0.206111	0.781523
161						0.502286	0.206111	0.781523
161						0.502286	0.206111	0.781523
161						0.1766	-0.0373653	0.964467
161						0.1766	-0.0373653	0.964467
161						0.1766	-0.0373653	0.964467
161						0.0463357	0.193656	1.06849
161						0.0463357	0.193656	1.06849
161						0.0463357	0.193656	1.06849
161						0.110951	1.01403	-0.230051
161						0.110951	1.01403	-0.230051
161						0.110951	1.01403	-0.230051
161						0.585722	0.67141	-0.603114
161						0.585722	0.67141	-0.603114
161						0.585722	0.67141	-0.603114
161						0.543193	-0.325313	-0.825517
161						0.543193	-0.325313	-0.825517
161						0.543193	-0.325313	-0.825517
161						-0.043282	-0.94193	0.071269
161						-0.043282	-0.94193	0.071269
161						-0.043282	-0.94193	0.071269
161						-0.298555	-0.838792	0.203993
161						-0.298555	-0.838792	0.203993
161						-0.298555	-0.838792	0.203993
161						-0.621648	-0.734619	0.279323
161						-0.621648	-0.734619	0.279323
161						-0.621648	-0.734619	0.279323
161						-0.206435	-0.805427	0.573469
161						-0.206435	-0.805427	0.573469
161						-0.206435	-0.805427	0.573469
161						0.770728	0.348212	0.569882
161						0.770728	0.348212	0.569882
161						0.770728	0.348212	0.569882
161						0.448527	-0.18593	-0.886498
161						0.448527	-0.18593	-0.886498
161						0.448527	-0.18593	-0.886498
161						-0.489394	-0.364874	-0.649747
161						-0.489394	-0.364874	-0.649747
161						-0.489394	-0.364874	-0.649747
161						-0.69667	-0.140806	-0.563655
161						-0.69667	-0.140806	-0.563655
161						-0.69667	-0.140806	-0.563655
161						-0.219847	0.765456	0.437158
161						-0.219847	0.765456	0.437158
161						-0.219847	0.765456	0.437158
161						-0.136155	0.27708	0.881963
161						-0.136155	0.27708	0.881963
161						-0.136155	0.27708	0.881963
161						0.0156906	-1.00575	-0.0219967
161						0.0156906	-1.00575	-0.0219967
161						0.0156906	-1.00575	-0.0219967
161						0.548702	0.559198	-0.434518
161						0.548702	0.559198	-0.434518
161						0.548702	0.559198	-0.434518
161						0.664777	-0.806638	0.0353975
161						0.664777	-0.806638	0.0353975
161						0.664777	-0.806638	0.0353975
161						-0.358821	-0.404321	-0.682031
161						-0.358821	-0.404321	-0.682031
161						-0.358821	-0.404321	-0.682031
161						-0.44699	-0.440307	-0.502674
161						-0.44699	-0.440307	-0.502674
161						-0.44699	-0.440307	-0.502674
161						0.143006	-0.178576	0.925009
161						0.143006	-0.178576	0.925009
161						0.143006	-0.178576	0.925009
161						0.0160644	-0.601173	0.749239
161						0.0160644	-0.601173	0.749239
161						0.0160644	-0.601173	0.749239
161						0.22115	-0.833051	0.490965
161						0.22115	-0.833051	0.490965
161						0.22115	-0.833051	0.490965
161						0.515251	0.788294	-0.0219967
161						0.515251	0.788294	-0.0219967
161						0.515251	0.788294	-0.0219967
161						0.05292	0.190379	-0.969002
161						0.05292	0.190379	-0.969002
161						0.05292	0.190379	-0.969002
161						0.0354313	-0.00860297	-1.03357
161						0.0354313	-0.00860297	-1.03357
161						0.0354313	-0.00860297	-1.03357
161						0.294917	-0.880827	0.315195
161						0.294917	-0.880827	0.315195
161						0.294917	-0.880827	0.315195
161						-0.029333	-0.721406	0.555533
161						-0.029333	-0.721406	0.555533
161						-0.029333	-0.721406	0.555533
161						-0.125918	-0.940377	-0.0148225
161						-0.125918	-0.940377	-0.0148225
161						-0.125918	-0.940377	-0.0148225
161						0.0999257	-0.679937	0.677496
161						0.0999257	-0.679937	0.677496
161						0.0999257	-0.679937	0.677496
161						0.424105	0.6164	0.630863
161						0.424105	0.6164	0.630863
161						0.424105	0.6164	0.630863
161						0.61254	0.826512	0.0784432
161						0.61254	0.826512	0.0784432
161						0.61254	0.826512	0.0784432
161						0.889816	0.465197	-0.0650425
161						0.889816	0.465197	-0.0650425
161						0.889816	0.465197	-0.0650425
161						0.581233	0.343299	-0.77171
161						0.581233	0.343299	-0.77171
161						0.581233	0.343299	-0.77171
161						0.0588941	-0.150655	-1.0264
161						0.0588941	-0.150655	-1.0264
161						0.0588941	-0.150655	-1.0264
161						-0.226488	-0.217969	-0.925957
161						-0.226488	-0.217969	-0.925957
161						-0.226488	-0.217969	-0.925957
161						0.0106144	-0.723052	-0.563655
161						0.0106144	-0.723052	-0.563655
161						0.0106144	-0.723052	-0.563655
161						0.71533	-0.451744	0.33313
161						0.71533	-0.451744	0.33313
161						0.71533	-0.451744	0.33313
161						0.684264	-0.327808	0.523249
161						0.684264	-0.327808	0.523249
161						0.684264	-0.327808	0.523249
161						0.553295	-0.511053	0.594992
161						0.553295	-0.511053	0.594992
161						0.553295	-0.511053	0.594992
161						0.465471	0.124952	0.842505
161						0.465471	0.124952	0.842505
161						0.465471	0.124952	0.842505
161						0.297862	0.553049	0.713367
161						0.297862	0.553049	0.713367
161						0.297862	0.553049	0.713367
161						0.551701	0.441468	0.645212
161						0.551701	0.441468	0.645212
161						0.551701	0.441468	0.645212
161						0.786772	0.332605	0.426396
161						0.786772	0.332605	0.426396
161						0.786772	0.332605	0.426396
161						0.898609	0.188371	-0.0506939
161						0.898609	0.188371	-0.0506939
161						0.898609	0.188371	-0.0506939
161						0.806579	-0.0496856	-0.36995
161						0.806579	-0.0496856	-0.36995
161						0.806579	-0.0496856	-0.36995
161						0.625263	-0.363305	-0.534958
161						0.625263	-0.363305	-0.534958
161						0.625263	-0.363305	-0.534958
161						0.529719	-0.673125	-0.305381
161						0.529719	-0.673125	-0.305381
161						0.529719	-0.673125	-0.305381
161						0.266962	-0.761433	-0.251574
161						0.266962	-0.761433	-0.251574
161						0.266962	-0.761433	-0.251574
161						0.159523	-0.74154	-0.14396
161						0.159523	-0.74154	-0.14396
161						0.159523	-0.74154	-0.14396
161						0.176379	-0.758021	0.164535
161						0.176379	-0.758021	0.164535
161						0.176379	-0.758021	0.164535
161						0.318666	-0.77992	0.168122
161						0.318666	-0.77992	0.168122
161						0.318666	-0.77992	0.168122
161						0.489814	-0.765882	0.196819
161						0.489814	-0.765882	0.196819
161						0.489814	-0.765882	0.196819
161						0.948433	-0.214495	0.293672
161						0.948433	-0.214495	0.293672
161						0.948433	-0.214495	0.293672
161						0.940365	0.100825	-0.240812
161						0.940365	0.100825	-0.240812
161						0.940365	0.100825	-0.240812
161						0.734944	-0.194421	-0.617462
161						0.734944	-0.194421	-0.617462
161						0.734944	-0.194421	-0.617462
161						0.483939	0.513169	-0.707141
161						0.483939	0.513169	-0.707141
161						0.483939	0.513169	-0.707141
161						0.165272	0.461819	-0.886498
161						0.165272	0.461819	-0.886498
161						0.165272	0.461819	-0.886498
161						0.376163	0.836347	-0.466802
161						0.376163	0.836347	-0.466802
161						0.376163	0.836347	-0.466802
161						0.129127	0.93641	0.239865
161						0.129127	0.93641	0.239865
161						0.129127	0.93641	0.239865
161						-0.0040797	0.819977	0.440745
161						-0.0040797	0.819977	0.440745
161						-0.0040797	0.819977	0.440745
161						0.0750534	0.226441	0.663147
161						0.0750534	0.226441	0.663147
161						0.0750534	0.226441	0.663147
161						-0.100247	-0.191126	0.813807
161						-0.100247	-0.191126	0.813807
161						-0.100247	-0.191126	0.813807
161						0.552735	-0.824802	0.437158
161						0.552735	-0.824802	0.437158
161						0.552735	-0.824802	0.437158
161						0.202863	-0.665102	-0.750187
161						0.202863	-0.665102	-0.750187
161						0.202863	-0.665102	-0.750187
161						0.283569	0.956306	-0.459628
161						0.283569	0.956306	-0.459628
161						0.283569	0.956306	-0.459628
161						0.209965	0.893728	0.386938
161						0.209965	0.893728	0.386938
161						0.209965	0.893728	0.386938
161						-0.0488682	0.834403	0.447919
161						-0.0488682	0.834403	0.447919
161						-0.0488682	0.834403	0.447919
161						0.0506416	0.412873	0.616515
161						0.0506416	0.412873	0.616515
161						0.0506416	0.412873	0.616515
161						0.212008	0.2748	0.806633
161						0.212008	0.2748	0.806633
161						0.212008	0.2748	0.806633
161						0.567005	-0.9052	0.254213
161						0.567005	-0.9052	0.254213
161						0.567005	-0.9052	0.254213
161						0.484501	0.556708	-0.699967
161						0.484501	0.556708	-0.699967
161						0.484501	0.556708	-0.699967
161						0.198278	0.879819	0.351066
161						0.198278	0.879819	0.351066
161						0.198278	0.879819	0.351066
161						-0.584122	0.744028	-0.190592
161						-0.584122	0.744028	-0.190592
161						-0.584122	0.744028	-0.190592
161						-0.503546	0.670535	-0.151134
161						-0.503546	0.670535	-0.151134
161						-0.503546	0.670535	-0.151134
161						0.0919787	0.950449	0.268562
161						0.0919787	0.950449	0.268562
161						0.0919787	0.950449	0.268562
161						0.88384	-0.218911	0.336718
161						0.88384	-0.218911	0.336718
161						0.88384	-0.218911	0.336718
161						0.41003	0.321982	-0.800407
161						0.41003	0.321982	-0.800407
161						0.41003	0.321982	-0.800407
161						-0.00682517	0.920172	0.33313
161						-0.00682517	0.920172	0.33313
161						-0.00682517	0.920172	0.33313
161						-0.604373	0.715982	0.153773
161						-0.604373	0.715982	0.153773
161						-0.604373	0.715982	0.153773
161						-0.594618	0.663467	0.0389847
161						-0.594618	0.663467	0.0389847
161						-0.594618	0.663467	0.0389847
161						-0.0493547	0.851224	0.322369
161						-0.0493547	0.851224	0.322369
161						-0.0493547	0.851224	0.322369
161						0.920687	0.156298	0.315195
161						0.920687	0.156298	0.315195
161						0.920687	0.156298	0.315195
161						0.592476	0.174739	-0.707141
161						0.592476	0.174739	-0.707141
161						0.592476	0.174739	-0.707141
161						0.0853783	0.930054	0.390525
161						0.0853783	0.930054	0.390525
161						0.0853783	0.930054	0.390525
161						-0.749658	0.584136	0.200406
161						-0.749658	0.584136	0.200406
161						-0.749658	0.584136	0.200406
161						-0.863874	0.425297	-0.0722167
161						-0.863874	0.425297	-0.0722167
161						-0.863874	0.425297	-0.0722167
161						-0.249077	0.843219	0.160948
161						-0.249077	0.843219	0.160948
161						-0.249077	0.843219	0.160948
161						0.603731	0.842168	0.0174618
161						0.603731	0.842168	0.0174618
161						0.603731	0.842168	0.0174618
161						0.835011	-0.329503	-0.391472
161						0.835011	-0.329503	-0.391472
161						0.835011	-0.329503	-0.391472
161						0.350795	0.91477	0.229103
161						0.350795	0.91477	0.229103
161						0.350795	0.91477	0.229103
161						-0.42388	0.649799	0.594992
161						-0.42388	0.649799	0.594992
161						-0.42388	0.649799	0.594992
161						-1.02027	0.182273	0.0856175
161						-1.02027	0.182273	0.0856175
161						-1.02027	0.182273	0.0856175
161						-0.750472	0.488066	-0.122437
161						-0.750472	0.488066	-0.122437
161						-0.750472	0.488066	-0.122437
161						-0.0988554	0.813459	0.196819
161						-0.0988554	0.813459	0.196819
161						-0.0988554	0.813459	0.196819
161						0.68225	0.724458	-0.316142
161						0.68225	0.724458	-0.316142
161						0.68225	0.724458	-0.316142
161						0.666407	-0.447068	-0.531371
161						0.666407	-0.447068	-0.531371
161						0.666407	-0.447068	-0.531371
161						0.360493	0.827255	0.440745
161						0.360493	0.827255	0.440745
161						-0.242448	0.298267	0.917835
161						-0.242448	0.298267	0.917835
161						-0.242448	0.298267	0.917835
161						-0.982119	0.374042	0.146599
161						-0.982119	0.374042	0.146599
161						-0.982119	0.374042	0.146599
161						-1.01514	0.143085	0.0389847
161						-1.01514	0.143085	0.0389847
161						-1.01514	0.143085	0.0389847
161						-0.728992	0.562723	-0.226464
161						-0.728992	0.562723	-0.226464
161						-0.728992	0.562723	-0.226464
161						-0.187362	0.721968	-0.581591
161						-0.187362	0.721968	-0.581591
161						-0.187362	0.721968	-0.581591
161						0.731138	0.371974	-0.54572
161						0.731138	0.371974	-0.54572
161						0.731138	0.371974	-0.54572
161						0.321851	0.0450276	-0.778884
161						0.321851	0.0450276	-0.778884
161						0.321851	0.0450276	-0.778884
161						-0.0805065	0.306257	0.878376
161						-0.0805065	0.306257	0.878376
161						-0.0805065	0.306257	0.878376
161						-0.835099	0.0898403	0.569882
161						-0.835099	0.0898403	0.569882
161						-0.835099	0.0898403	0.569882
161						-0.803773	-0.62603	0.311608
161						-0.803773	-0.62603	0.311608
161						-0.803773	-0.62603	0.311608
161						-0.0739298	0.518167	-0.782471
161						-0.0739298	0.518167	-0.782471
161						-0.0739298	0.518167	-0.782471
161						0.711369	0.0719399	-0.656921
161						0.711369	0.0719399	-0.656921
161						0.711369	0.0719399	-0.656921
161						0.00269791	-0.523244	-0.7466
161						0.00269791	-0.523244	-0.7466
161						0.00269791	-0.523244	-0.7466
161						-0.41888	0.24504	0.842505
161						-0.41888	0.24504	0.842505
161						-0.41888	0.24504	0.842505
161						-1.00839	-0.200522	0.325956
161						-1.00839	-0.200522	0.325956
161						-1.00839	-0.200522	0.325956
161						-0.465787	-0.906171	0.30802
161						-0.465787	-0.906171	0.30802
161						-0.465787	-0.906171	0.30802
161						0.080914	-0.182485	-0.875737
161						0.080914	-0.182485	-0.875737
161						0.080914	-0.182485	-0.875737
161						0.615149	0.113522	-0.743012
161						0.615149	0.113522	-0.743012
161						0.615149	0.113522	-0.743012
161						-0.174103	0.596349	-0.678444
161						-0.174103	0.596349	-0.678444
161						-0.174103	0.596349	-0.678444
161						-0.488388	0.219502	0.846092
161						-0.488388	0.219502	0.846092
161						-0.488388	0.219502	0.846092
161						-0.875827	-0.575342	0.325956
161						-0.875827	-0.575342	0.325956
161						-0.875827	-0.575342	0.325956
161						-0.49631	-0.860155	-0.427344
161						-0.49631	-0.860155	-0.427344
161						-0.49631	-0.860155	-0.427344
161						0.411088	0.493146	-0.807581
161						0.411088	0.493146	-0.807581
161						0.411088	0.493146	-0.807581
161						0.407173	0.144511	-0.84704
161						0.407173	0.144511	-0.84704
161						0.407173	0.144511	-0.84704
161						-0.0790407	0.811003	-0.473977
161						-0.0790407	0.811003	-0.473977
161						-0.0790407	0.811003	-0.473977
161						-0.38725	-0.105989	0.93577
161						-0.38725	-0.105989	0.93577
161						-0.38725	-0.105989	0.93577
161						-0.577475	-0.70334	0.562708
161						-0.577475	-0.70334	0.562708
161						-0.577475	-0.70334	0.562708
161						-0.195037	-0.99129	-0.42017
161						-0.195037	-0.99129	-0.42017
161						-0.195037	-0.99129	-0.42017
161						0.525306	-0.0126794	-0.807581
161						0.525306	-0.0126794	-0.807581
161						0.525306	-0.0126794	-0.807581
161						0.0331042	-0.201197	-0.84704
161						0.0331042	-0.201197	-0.84704
161						0.0331042	-0.201197	-0.84704
161						-0.358576	0.922517	0.404873
161						-0.358576	0.922517	0.404873
161						-0.358576	0.922517	0.404873
161						-0.554254	-0.560431	0.70978
161						-0.554254	-0.560431	0.70978
161						-0.554254	-0.560431	0.70978
161						0.388045	-0.594153	0.763587
161						0.388045	-0.594153	0.763587
161						0.388045	-0.594153	0.763587
161						0.657069	-0.582877	-0.466802
161						0.657069	-0.582877	-0.466802
161						0.657069	-0.582877	-0.466802
161						0.0609417	-0.548394	-0.764535
161						0.0609417	-0.548394	-0.764535
161						0.0609417	-0.548394	-0.764535
161						-0.587642	0.293274	-0.62105
161						-0.587642	0.293274	-0.62105
161						-0.587642	0.293274	-0.62105
161						-0.455766	0.324711	0.864027
161						-0.455766	0.324711	0.864027
161						-0.455766	0.324711	0.864027
161						0.127067	-0.133792	1.06491
161						0.127067	-0.133792	1.06491
161						0.127067	-0.133792	1.06491
161						0.861133	-0.409823	0.429983
161						0.861133	-0.409823	0.429983
161						0.861133	-0.409823	0.429983
161						0.421047	-0.789266	-0.524197
161						0.421047	-0.789266	-0.524197
161						0.421047	-0.789266	-0.524197
161						-0.244733	-0.749496	-0.509848
161						-0.244733	-0.749496	-0.509848
161						-0.244733	-0.749496	-0.509848
161						-0.7344	0.573042	-0.39506
161						-0.7344	0.573042	-0.39506
161						-0.7344	0.573042	-0.39506
161						-0.0912777	0.224128	0.993165
161						-0.0912777	0.224128	0.993165
161						-0.0912777	0.224128	0.993165
161						0.610681	-0.170716	0.892725
161						0.610681	-0.170716	0.892725
161						0.610681	-0.170716	0.892725
161						0.788786	-0.552651	0.480203
161						0.788786	-0.552651	0.480203
161						0.788786	-0.552651	0.480203
161						0.138692	-0.838062	-0.441692
161						0.138692	-0.838062	-0.441692
161						0.138692	-0.838062	-0.441692
161						-0.443264	-0.290411	-0.743012
161						-0.443264	-0.290411	-0.743012
161						-0.443264	-0.290411	-0.743012
161						-0.491577	0.968903	0.254213
161						-0.491577	0.968903	0.254213
161						-0.491577	0.968903	0.254213
161						0.184235	0.406144	0.989577
161						0.184235	0.406144	0.989577
161						0.184235	0.406144	0.989577
161						0.85984	0.319617	0.541185
161						0.85984	0.319617	0.541185
161						0.85984	0.319617	0.541185
161						0.485613	-0.858977	0.516075
161						0.485613	-0.858977	0.516075
161						0.485613	-0.858977	0.516075
161						-0.0505263	-0.683605	-0.531371
161						-0.0505263	-0.683605	-0.531371
161						-0.0505263	-0.683605	-0.531371
161						-0.571745	-0.751049	-0.423757
161						-0.571745	-0.751049	-0.423757
161						-0.571745	-0.751049	-0.423757
161						-0.523504	1.00217	0.225516
161						-0.523504	1.00217	0.225516
161						-0.523504	1.00217	0.225516
161						0.415975	-0.0591995	0.964467
161						0.415975	-0.0591995	0.964467
161						0.415975	-0.0591995	0.964467
161						0.953709	0.144346	0.372589
161						0.953709	0.144346	0.372589
161						0.953709	0.144346	0.372589
161						0.254782	-1.07708	0.300846
161						0.254782	-1.07708	0.300846
161						0.254782	-1.07708	0.300846
161						-0.43165	-0.676715	-0.509848
161						-0.43165	-0.676715	-0.509848
161						-0.43165	-0.676715	-0.509848
161						-0.475287	0.986047	0.110728
161						-0.475287	0.986047	0.110728
161						-0.475287	0.986047	0.110728
161						0.158162	0.604464	0.889137
161						0.158162	0.604464	0.889137
161						0.158162	0.604464	0.889137
161						0.631921	0.785188	0.150186
161						0.631921	0.785188	0.150186
161						0.631921	0.785188	0.150186
161						0.913963	0.351576	0.38335
161						0.913963	0.351576	0.38335
161						0.913963	0.351576	0.38335
161						0.0206848	-0.966189	-0.197767
161						0.0206848	-0.966189	-0.197767
161						0.0206848	-0.966189	-0.197767
161						-0.351658	-0.944194	0.196819
161						-0.351658	-0.944194	0.196819
161						-0.351658	-0.944194	0.196819
161						-0.906698	0.0663106	-0.34484
161						-0.906698	0.0663106	-0.34484
161						-0.906698	0.0663106	-0.34484
161						-0.0754258	0.945078	0.566295
161						-0.0754258	0.945078	0.566295
161						-0.0754258	0.945078	0.566295
161						0.714633	0.441597	0.638037
161						0.714633	0.441597	0.638037
161						0.714633	0.441597	0.638037
161						0.790484	-0.118943	0.645212
161						0.790484	-0.118943	0.645212
161						0.790484	-0.118943	0.645212
161						0.461998	-0.899346	0.33313
161						0.461998	-0.899346	0.33313
161						0.461998	-0.899346	0.33313
161						-0.0406445	-0.994559	0.164535
161						-0.0406445	-0.994559	0.164535
161						-0.0406445	-0.994559	0.164535
161						-0.887881	0.217258	-0.441692
161						-0.887881	0.217258	-0.441692
161						-0.887881	0.217258	-0.441692
161						-0.142486	1.07015	0.290085
161						-0.142486	1.07015	0.290085
161						-0.142486	1.07015	0.290085
161						0.771916	0.621836	0.329543
161						0.771916	0.621836	0.329543
161						0.771916	0.621836	0.329543
161						0.793694	-0.61343	0.218342
161						0.793694	-0.61343	0.218342
161						0.793694	-0.61343	0.218342
161						-0.0133577	-1.01256	0.153773
161						-0.0133577	-1.01256	0.153773
161						-0.0133577	-1.01256	0.153773
161						-0.838825	-0.120913	-0.456041
161						-0.838825	-0.120913	-0.456041
161						-0.838825	-0.120913	-0.456041
161						-0.266877	1.09003	0.196819
161						-0.266877	1.09003	0.196819
161						-0.266877	1.09003	0.196819
161						0.80123	0.187835	0.58423
161						0.80123	0.187835	0.58423
161						0.80123	0.187835	0.58423
161						0.521261	-0.963539	0.462268
161						0.521261	-0.963539	0.462268
161						0.521261	-0.963539	0.462268
161						0.316922	-0.910716	0.35824
161						0.316922	-0.910716	0.35824
161						0.316922	-0.910716	0.35824
161						-0.574771	-0.707445	-0.42017
161						-0.574771	-0.707445	-0.42017
161						-0.574771	-0.707445	-0.42017
161						-0.487411	0.976036	0.0605075
161						-0.487411	0.976036	0.0605075
161						-0.487411	0.976036	0.0605075
161						0.13531	1.01336	0.412048
161						0.13531	1.01336	0.412048
161						0.13531	1.01336	0.412048
161						0.551949	-0.190867	0.799459
161						0.551949	-0.190867	0.799459
161						0.551949	-0.190867	0.799459
161						0.15252	-1.13575	-0.481151
161						0.15252	-1.13575	-0.481151
161						-0.00892764	-0.87725	-0.488325
161						-0.00892764	-0.87725	-0.488325
161						-0.00892764	-0.87725	-0.488325
161						-0.884499	-0.208315	-0.452454
161						-0.884499	-0.208315	-0.452454
161						-0.884499	-0.208315	-0.452454
161						-0.69014	0.705083	-0.452454
161						-0.69014	0.705083	-0.452454
161						-0.69014	0.705083	-0.452454
161						0.490791	0.787083	-0.560068
161						0.490791	0.787083	-0.560068
161						0.490791	0.787083	-0.560068
161						0.670737	-0.0509461	-0.703554
161						0.670737	-0.0509461	-0.703554
161						0.670737	-0.0509461	-0.703554
161						0.644041	-0.387743	-0.592352
161						0.644041	-0.387743	-0.592352
161						0.644041	-0.387743	-0.592352
161						0.296242	-0.851697	-0.291032
161						0.296242	-0.851697	-0.291032
161						0.296242	-0.851697	-0.291032
161						0.0973493	-0.0648217	-1.14477
161						0.0973493	-0.0648217	-1.14477
161						0.49552	-0.729072	0.577056
161						0.49552	-0.729072	0.577056
161						0.49552	-0.729072	0.577056
161						0.152038	0.956966	0.512488
161						0.152038	0.956966	0.512488
161						0.152038	0.956966	0.512488
161						0.531905	0.137373	0.96088
161						0.531905	0.137373	0.96088
161						0.531905	0.137373	0.96088
161						-0.453316	0.836218	-0.459628
161						-0.453316	0.836218	-0.459628
161						-0.453316	0.836218	-0.459628
161						0.745609	0.46023	0.412048
161						0.745609	0.46023	0.412048
161						0.745609	0.46023	0.412048
161						0.865586	-0.492064	-0.054281
161						0.865586	-0.492064	-0.054281
161						0.865586	-0.492064	-0.054281
161						0.880202	-0.267624	-0.190592
161						0.880202	-0.267624	-0.190592
161						0.880202	-0.267624	-0.190592
161						0.585716	-0.609321	-0.412995
161						0.585716	-0.609321	-0.412995
161						0.585716	-0.609321	-0.412995
161						0.619384	0.755413	-0.0148225
161						0.619384	0.755413	-0.0148225
161						0.619384	0.755413	-0.0148225
161						0.0663063	0.865863	-0.287445
161						0.0663063	0.865863	-0.287445
161						0.0663063	0.865863	-0.287445
161						-0.570306	0.476002	-0.664095
161						-0.570306	0.476002	-0.664095
161						-0.570306	0.476002	-0.664095
161						-0.653473	0.824167	0.00670039
161						-0.653473	0.824167	0.00670039
161						-0.653473	0.824167	0.00670039
161						-0.319753	0.999115	0.193232
161						-0.319753	0.999115	0.193232
161						-0.319753	0.999115	0.193232
161						-0.309796	0.653264	-0.807581
161						-0.309796	0.653264	-0.807581
161						-0.309796	0.653264	-0.807581
161						0.605556	-0.171762	-0.864975
161						0.605556	-0.171762	-0.864975
161						0.605556	-0.171762	-0.864975
161						0.912378	-0.241263	0.365415
161						0.912378	-0.241263	0.365415
161						0.912378	-0.241263	0.365415
161						-0.0524133	-0.59053	0.562708
161						-0.0524133	-0.59053	0.562708
161						-0.0524133	-0.59053	0.562708
161						-0.354943	-0.641412	0.55912
161						-0.354943	-0.641412	0.55912
161						-0.354943	-0.641412	0.55912
161						-0.694054	-0.510471	0.562708
161						-0.694054	-0.510471	0.562708
161						-0.694054	-0.510471	0.562708
161						0.11538	-0.6462	0.824569
161						0.11538	-0.6462	0.824569
161						0.11538	-0.6462	0.824569
161						0.763234	0.449962	-0.430931
161						0.763234	0.449962	-0.430931
161						0.763234	0.449962	-0.430931
161						0.979602	-0.108689	0.480203
161						0.979602	-0.108689	0.480203
161						0.979602	-0.108689	0.480203
161						0.0359648	-0.00521194	0.795872
161						0.0359648	-0.00521194	0.795872
161						0.0359648	-0.00521194	0.795872
161						-0.230533	0.222624	0.874789
161						-0.230533	0.222624	0.874789
161						-0.230533	0.222624	0.874789
161						-0.372086	0.593207	0.706193
161						-0.372086	0.593207	0.706193
161						-0.372086	0.593207	0.706193
161						0.228393	0.904306	0.203993
161						0.228393	0.904306	0.203993
161						0.228393	0.904306	0.203993
161						0.49101	-0.0767585	-0.886498
161						0.49101	-0.0767585	-0.886498
161						0.49101	-0.0767585	-0.886498
161						0.666483	-0.789528	0.297259
161						0.666483	-0.789528	0.297259
161						0.666483	-0.789528	0.297259
161						-0.108058	-0.530284	0.652386
161						-0.108058	-0.530284	0.652386
161						-0.108058	-0.530284	0.652386
161						-0.206596	0.390925	0.824569
161						-0.206596	0.390925	0.824569
161						-0.206596	0.390925	0.824569
161						-0.163193	0.687887	0.702606
161						-0.163193	0.687887	0.702606
161						-0.163193	0.687887	0.702606
161						0.619907	0.754911	0.214755
161						0.619907	0.754911	0.214755
161						0.619907	0.754911	0.214755
161						0.596809	-0.531024	-0.517022
161						0.596809	-0.531024	-0.517022
161						0.596809	-0.531024	-0.517022
161						0.217833	-0.62333	0.767175
161						0.217833	-0.62333	0.767175
161						0.217833	-0.62333	0.767175
161						-0.050674	-0.383413	0.781523
161						-0.050674	-0.383413	0.781523
161						-0.050674	-0.383413	0.781523
161						-0.12686	0.577357	0.777936
161						-0.12686	0.577357	0.777936
161						-0.12686	0.577357	0.777936
161						0.0482882	0.979092	0.0927918
161						0.0482882	0.979092	0.0927918
161						0.0482882	0.979092	0.0927918
161						0.133221	0.115318	-1.04433
161						0.133221	0.115318	-1.04433
161						0.133221	0.115318	-1.04433
161						0.42758	-0.948318	-0.179831
161						0.42758	-0.948318	-0.179831
161						0.42758	-0.948318	-0.179831
161						-0.628557	-0.412424	-0.434518
161						-0.628557	-0.412424	-0.434518
161						-0.628557	-0.412424	-0.434518
161						-0.747538	0.158177	-0.59594
161						-0.747538	0.158177	-0.59594
161						-0.747538	0.158177	-0.59594
161						-0.585834	-0.685158	-0.44528
161						-0.585834	-0.685158	-0.44528
161						-0.585834	-0.685158	-0.44528
161						0.157495	0.837623	0.0676818
161						0.157495	0.837623	0.0676818
161						0.157495	0.837623	0.0676818
161						0.668935	-0.680419	-0.506261
161						0.668935	-0.680419	-0.506261
161						0.668935	-0.680419	-0.506261
161						0.612043	-0.158823	-0.775297
161						0.612043	-0.158823	-0.775297
161						0.612043	-0.158823	-0.775297
161						0.13654	-0.399856	-0.929544
161						0.13654	-0.399856	-0.929544
161						0.13654	-0.399856	-0.929544
161						0.43538	0.0768035	0.889137
161						0.43538	0.0768035	0.889137
161						0.43538	0.0768035	0.889137
161						0.296943	-0.00189643	0.813807
161						0.296943	-0.00189643	0.813807
161						0.296943	-0.00189643	0.813807
161						-0.00284458	-0.740895	0.627276
161						-0.00284458	-0.740895	0.627276
161						-0.00284458	-0.740895	0.627276
161						0.210703	0.500161	0.820982
161						0.210703	0.500161	0.820982
161						0.210703	0.500161	0.820982
161						-0.0312671	0.813397	-0.606701
161						-0.0312671	0.813397	-0.606701
161						-0.0312671	0.813397	-0.606701
161						0.282463	0.562676	-0.829104
161						0.282463	0.562676	-0.829104
161						0.282463	0.562676	-0.829104
161						0.129321	-0.498369	-0.915195
161						0.129321	-0.498369	-0.915195
161						0.129321	-0.498369	-0.915195
161						-0.323007	-0.924268	-0.100914
161						-0.323007	-0.924268	-0.100914
161						-0.323007	-0.924268	-0.100914
161						-0.735726	-0.147632	-0.588765
161						-0.735726	-0.147632	-0.588765
161						-0.735726	-0.147632	-0.588765
161						0.384514	-0.655189	-0.291032
161						0.384514	-0.655189	-0.291032
161						0.384514	-0.655189	-0.291032
161						-0.557838	0.431218	-0.803994
161						-0.557838	0.431218	-0.803994
161						-0.557838	0.431218	-0.803994
161						0.324705	-0.171956	-0.854214
161						0.324705	-0.171956	-0.854214
161						0.324705	-0.171956	-0.854214
161						0.386609	0.334388	-0.882911
161						0.386609	0.334388	-0.882911
161						0.386609	0.334388	-0.882911
161						-0.193554	-0.794782	-0.42017
161						-0.193554	-0.794782	-0.42017
161						-0.193554	-0.794782	-0.42017
161						0.220174	-0.494799	0.702606
161						0.220174	-0.494799	0.702606
161						0.220174	-0.494799	0.702606
161						0.137791	0.785414	0.541185
161						0.137791	0.785414	0.541185
161						0.137791	0.785414	0.541185
161						-0.0957009	0.407373	0.921422
161						-0.0957009	0.407373	0.921422
161						-0.0957009	0.407373	0.921422
161						0.184282	0.36592	1.00034
161						0.184282	0.36592	1.00034
161						0.184282	0.36592	1.00034
161						-0.248759	0.453296	-1.01922
161						-0.248759	0.453296	-1.01922
161						-0.248759	0.453296	-1.01922
161						0.576765	-0.833049	-0.316142
161						0.576765	-0.833049	-0.316142
161						0.576765	-0.833049	-0.316142
161						0.0303558	-0.960821	0.311608
161						0.0303558	-0.960821	0.311608
161						0.0303558	-0.960821	0.311608
161						0.149802	-0.271573	0.83533
161						0.149802	-0.271573	0.83533
161						0.149802	-0.271573	0.83533
161						-0.154187	0.620961	0.781523
161						-0.154187	0.620961	0.781523
161						-0.154187	0.620961	0.781523
161						0.124206	0.728499	0.670322
161						0.124206	0.728499	0.670322
161						0.124206	0.728499	0.670322
161						0.243936	0.741716	-0.667682
161						0.243936	0.741716	-0.667682
161						0.243936	0.741716	-0.667682
161						0.720632	-0.649464	-0.204941
161						0.720632	-0.649464	-0.204941
161						0.720632	-0.649464	-0.204941
161						0.0786523	-0.661418	0.65956
161						0.0786523	-0.661418	0.65956
161						0.0786523	-0.661418	0.65956
161						-0.0278832	-0.417393	0.849679
161						-0.0278832	-0.417393	0.849679
161						-0.0278832	-0.417393	0.849679
161						-0.259154	0.137114	0.975229
161						-0.259154	0.137114	0.975229
161						-0.259154	0.137114	0.975229
161						0.37854	0.744543	0.587817
161						0.37854	0.744543	0.587817
161						0.37854	0.744543	0.587817
161						0.475604	0.0775692	-0.969002
161						0.475604	0.0775692	-0.969002
161						0.475604	0.0775692	-0.969002
161						0.528021	-0.844566	0.322369
161						0.528021	-0.844566	0.322369
161						0.528021	-0.844566	0.322369
161						-0.123777	-0.656954	0.412048
161						-0.123777	-0.656954	0.412048
161						-0.123777	-0.656954	0.412048
161						-0.240287	-0.258182	0.899899
161						-0.240287	-0.258182	0.899899
161						-0.240287	-0.258182	0.899899
161						0.0377067	0.0630394	1.04697
161						0.0377067	0.0630394	1.04697
161						0.0377067	0.0630394	1.04697
161						0.545905	0.775516	0.28291
161						0.545905	0.775516	0.28291
161						0.545905	0.775516	0.28291
161						0.444374	-0.353649	-0.868562
161						0.444374	-0.353649	-0.868562
161						0.444374	-0.353649	-0.868562
161						0.27626	-0.933197	0.394112
161						0.27626	-0.933197	0.394112
161						0.27626	-0.933197	0.394112
161						-0.188837	-0.688411	0.340305
161						-0.188837	-0.688411	0.340305
161						-0.188837	-0.688411	0.340305
161						-0.116174	-0.175584	0.96088
161						-0.116174	-0.175584	0.96088
161						-0.116174	-0.175584	0.96088
161						-0.00484283	0.238942	0.978816
161						-0.00484283	0.238942	0.978816
161						-0.00484283	0.238942	0.978816
161						0.580101	0.733675	0.38335
161						0.580101	0.733675	0.38335
161						0.580101	0.733675	0.38335
161						0.405264	-0.104641	-0.954654
161						0.405264	-0.104641	-0.954654
161						0.405264	-0.104641	-0.954654
161						-0.0855437	-1.09121	-0.126024
161						-0.0855437	-1.09121	-0.126024
161						-0.0855437	-1.09121	-0.126024
161						-0.658791	0.200939	-0.54572
161						-0.658791	0.200939	-0.54572
161						-0.658791	0.200939	-0.54572
161						-0.908884	0.050978	-0.301794
161						-0.908884	0.050978	-0.301794
161						-0.908884	0.050978	-0.301794
161						0.50965	0.273376	0.88555
161						0.50965	0.273376	0.88555
161						0.50965	0.273376	0.88555
161						-0.0335101	-0.0673452	-1.00487
161						-0.0335101	-0.0673452	-1.00487
161						-0.0335101	-0.0673452	-1.00487
161						0.563042	0.685125	-0.556481
161						0.563042	0.685125	-0.556481
161						0.563042	0.685125	-0.556481
161						0.489	0.433822	-0.7466
161						0.489	0.433822	-0.7466
161						0.489	0.433822	-0.7466
161						0.650828	-0.730074	0.229103
161						0.650828	-0.730074	0.229103
161						0.650828	-0.730074	0.229103
161						0.283683	-0.104566	0.856853
161						0.283683	-0.104566	0.856853
161						0.283683	-0.104566	0.856853
161						-0.119761	-0.80494	0.143012
161						-0.119761	-0.80494	0.143012
161						-0.119761	-0.80494	0.143012
161						0.286521	-0.416552	0.803046
161						0.286521	-0.416552	0.803046
161						0.286521	-0.416552	0.803046
161						0.404799	0.586318	0.68467
161						0.404799	0.586318	0.68467
161						0.404799	0.586318	0.68467
161						0.610191	0.185959	0.688257
161						0.610191	0.185959	0.688257
161						0.610191	0.185959	0.688257
161						0.746579	0.399288	0.562708
161						0.746579	0.399288	0.562708
161						0.746579	0.399288	0.562708
161						0.0973149	0.742169	-0.692792
161						0.0973149	0.742169	-0.692792
161						0.0973149	0.742169	-0.692792
161						0.0328168	0.885596	-0.574417
161						0.0328168	0.885596	-0.574417
161						0.0328168	0.885596	-0.574417
161						0.427244	0.782085	-0.484738
161						0.427244	0.782085	-0.484738
161						0.427244	0.782085	-0.484738
161						0.693503	0.699922	0.0353975
161						0.693503	0.699922	0.0353975
161						0.693503	0.699922	0.0353975
161						0.833774	0.33715	0.376176
161						0.833774	0.33715	0.376176
161						0.833774	0.33715	0.376176
161						0.73095	-0.0986622	0.731303
161						0.73095	-0.0986622	0.731303
161						0.73095	-0.0986622	0.731303
161						0.317983	-0.283396	0.88555
161						0.317983	-0.283396	0.88555
161						0.317983	-0.283396	0.88555
161						0.271327	-0.315436	0.846092
161						0.271327	-0.315436	0.846092
161						0.271327	-0.315436	0.846092
161						0.426237	-0.636075	0.666735
161						0.426237	-0.636075	0.666735
161						0.426237	-0.636075	0.666735
161						0.638162	-0.730964	0.480203
161						0.638162	-0.730964	0.480203
161						0.638162	-0.730964	0.480203
161						0.879462	-0.601688	-0.029171
161						0.879462	-0.601688	-0.029171
161						0.879462	-0.601688	-0.029171
161						0.865843	-0.1831	-0.438105
161						0.865843	-0.1831	-0.438105
161						0.865843	-0.1831	-0.438105
161						0.895262	0.0696417	-0.126024
161						0.895262	0.0696417	-0.126024
161						0.895262	0.0696417	-0.126024
161						0.788907	0.00080558	0.462268
161						0.788907	0.00080558	0.462268
161						0.788907	0.00080558	0.462268
161						0.302003	0.251089	0.91066
161						0.302003	0.251089	0.91066
161						0.302003	0.251089	0.91066
161						-0.269199	0.15518	0.982403
161						-0.269199	0.15518	0.982403
161						-0.269199	0.15518	0.982403
161						-0.782477	0.0656767	0.699019
161						-0.782477	0.0656767	0.699019
161						-0.782477	0.0656767	0.699019
161						-1.04828	-0.0241656	0.23269
161						-1.04828	-0.0241656	0.23269
161						-0.827317	-0.695462	-0.0758039
161						-0.827317	-0.695462	-0.0758039
161						-0.827317	-0.695462	-0.0758039
161						-0.0227463	-0.899214	-0.481151
161						-0.0227463	-0.899214	-0.481151
161						-0.0227463	-0.899214	-0.481151
161						0.923015	-0.315772	-0.14396
161						0.923015	-0.315772	-0.14396
161						0.923015	-0.315772	-0.14396
161						0.752025	-0.162433	0.43357
161						0.752025	-0.162433	0.43357
161						0.752025	-0.162433	0.43357
161						-0.529829	0.782357	0.5089
161						-0.529829	0.782357	0.5089
161						-0.529829	0.782357	0.5089
161						-0.958704	-0.288829	0.379763
161						-0.958704	-0.288829	0.379763
161						-0.958704	-0.288829	0.379763
161						0.11074	-0.499587	0.968055
161						0.11074	-0.499587	0.968055
161						0.11074	-0.499587	0.968055
161						0.680568	-0.70861	-0.355601
161						0.680568	-0.70861	-0.355601
161						0.680568	-0.70861	-0.355601
161						0.527278	-0.803533	-0.136785
161						0.527278	-0.803533	-0.136785
161						0.527278	-0.803533	-0.136785
161						-0.696149	-0.334775	-0.502674
161						-0.696149	-0.334775	-0.502674
161						-0.696149	-0.334775	-0.502674
161						-0.847673	0.279135	0.566295
161						-0.847673	0.279135	0.566295
161						-0.847673	0.279135	0.566295
161						-0.371521	-0.963215	0.444332
161						-0.371521	-0.963215	0.444332
161						-0.371521	-0.963215	0.444332
161						0.292031	-0.72124	-0.664095
