Time   inert-X inert-Y inert-Z   optic-rX optic-rY optic-rZ   optic-X optic-Y optic-Z
23-57-17-504   1.548 3.809 -0.765  1.014 3.623 -0.045  0.647 3.239 0.106  -0.081 0.740 1.729
23-57-17-525   1.537 3.796 -0.766  1.003 3.611 -0.045  0.640 3.231 0.106  -0.083 0.730 1.729
23-57-17-525   1.537 3.796 -0.766  1.003 3.611 -0.045  0.632 3.224 0.106  -0.086 0.720 1.730
23-57-17-546   1.527 3.784 -0.766  0.993 3.599 -0.045  0.625 3.217 0.106  -0.089 0.710 1.730
23-57-17-567   1.516 3.772 -0.765  0.982 3.587 -0.045  0.617 3.210 0.106  -0.092 0.700 1.729
23-57-17-588   1.505 3.760 -0.764  0.971 3.575 -0.044  0.609 3.203 0.106  -0.096 0.690 1.729
23-57-17-609   1.492 3.748 -0.763  0.965 3.569 -0.043  0.601 3.195 0.105  -0.099 0.680 1.728
23-57-17-609   1.492 3.748 -0.763  0.958 3.563 -0.042  0.593 3.188 0.104  -0.103 0.670 1.728
23-57-17-630   1.480 3.737 -0.762  0.946 3.551 -0.041  0.584 3.181 0.103  -0.107 0.659 1.727
23-57-17-651   1.468 3.726 -0.760  0.934 3.540 -0.039  0.576 3.174 0.102  -0.111 0.649 1.726
23-57-17-672   1.455 3.715 -0.757  0.921 3.529 -0.037  0.566 3.167 0.101  -0.116 0.638 1.725
23-57-17-692   1.448 3.709 -0.756  0.921 3.529 -0.037  0.557 3.160 0.100  -0.120 0.627 1.724
23-57-17-693   1.442 3.704 -0.755  0.908 3.519 -0.034  0.547 3.153 0.098  -0.126 0.616 1.722
23-57-17-714   1.428 3.694 -0.752  0.894 3.508 -0.031  0.537 3.146 0.097  -0.131 0.605 1.721
23-57-17-735   1.414 3.684 -0.748  0.880 3.499 -0.028  0.527 3.139 0.096  -0.136 0.594 1.719
23-57-17-756   1.399 3.674 -0.745  0.865 3.489 -0.024  0.516 3.132 0.094  -0.142 0.583 1.718
23-57-17-756   1.399 3.674 -0.745  0.865 3.489 -0.024  0.505 3.126 0.093  -0.149 0.572 1.716
23-57-17-777   1.384 3.665 -0.742  0.850 3.480 -0.021  0.494 3.119 0.091  -0.155 0.561 1.715
23-57-17-798   1.370 3.657 -0.738  0.836 3.471 -0.018  0.482 3.112 0.091  -0.162 0.549 1.714
23-57-17-819   1.355 3.649 -0.735  0.821 3.463 -0.015  0.470 3.105 0.090  -0.169 0.537 1.714
23-57-17-840   1.340 3.641 -0.733  0.806 3.456 -0.012  0.458 3.098 0.090  -0.177 0.525 1.714
23-57-17-840   1.340 3.641 -0.733  0.806 3.456 -0.012  0.445 3.092 0.091  -0.184 0.513 1.715
23-57-17-860   1.326 3.635 -0.733  0.792 3.449 -0.012  0.432 3.084 0.093  -0.192 0.500 1.716
23-57-17-882   1.315 3.630 -0.736  0.781 3.445 -0.015  0.419 3.077 0.095  -0.200 0.487 1.718
23-57-17-902   1.305 3.626 -0.741  0.771 3.441 -0.021  0.405 3.071 0.097  -0.209 0.475 1.721
23-57-17-923   1.293 3.623 -0.748  0.759 3.438 -0.027  0.392 3.064 0.099  -0.217 0.463 1.722
23-57-17-923   1.293 3.623 -0.748  0.759 3.438 -0.027  0.379 3.057 0.100  -0.225 0.450 1.723
23-57-17-944   1.281 3.623 -0.755  0.747 3.437 -0.035  0.366 3.051 0.101  -0.234 0.439 1.725
23-57-17-965   1.268 3.620 -0.739  0.734 3.434 -0.018  0.353 3.044 0.102  -0.241 0.427 1.726
23-57-17-986   1.251 3.611 -0.738  0.717 3.425 -0.017  0.341 3.038 0.103  -0.248 0.415 1.727
23-57-18-07   1.234 3.600 -0.740  0.700 3.415 -0.020  0.330 3.031 0.104  -0.255 0.403 1.728
23-57-18-07   1.234 3.600 -0.740  0.700 3.415 -0.020  0.319 3.023 0.104  -0.261 0.391 1.728
23-57-18-28   1.209 3.585 -0.745  0.675 3.399 -0.024  0.308 3.015 0.105  -0.266 0.379 1.728
23-57-18-49   1.185 3.568 -0.749  0.651 3.382 -0.028  0.297 3.007 0.105  -0.272 0.366 1.729
23-57-18-70   1.162 3.552 -0.752  0.628 3.366 -0.032  0.287 2.998 0.105  -0.277 0.354 1.729
23-57-18-91   1.141 3.537 -0.756  0.607 3.352 -0.035  0.276 2.989 0.105  -0.281 0.341 1.729
23-57-18-91   1.141 3.537 -0.756  0.607 3.352 -0.035  0.266 2.980 0.105  -0.285 0.328 1.728
23-57-18-112   1.121 3.523 -0.759  0.587 3.337 -0.038  0.256 2.970 0.105  -0.290 0.314 1.728
23-57-18-133   1.100 3.509 -0.762  0.566 3.323 -0.041  0.246 2.960 0.104  -0.293 0.300 1.728
23-57-18-154   1.081 3.495 -0.764  0.547 3.310 -0.043  0.236 2.950 0.104  -0.297 0.287 1.727
23-57-18-176   1.060 3.480 -0.766  0.536 3.302 -0.044  0.227 2.940 0.103  -0.300 0.274 1.727
23-57-18-176   1.060 3.480 -0.766  0.525 3.294 -0.045  0.218 2.931 0.103  -0.303 0.261 1.727
23-57-18-196   1.040 3.466 -0.767  0.506 3.280 -0.046  0.209 2.921 0.103  -0.306 0.249 1.726
23-57-18-217   1.022 3.453 -0.768  0.488 3.267 -0.047  0.201 2.911 0.102  -0.309 0.236 1.726
23-57-18-238   1.005 3.439 -0.769  0.471 3.254 -0.048  0.193 2.901 0.102  -0.311 0.223 1.726
23-57-18-259   0.996 3.432 -0.769  0.462 3.246 -0.048  0.184 2.891 0.101  -0.313 0.210 1.725
23-57-18-259   0.987 3.424 -0.768  0.453 3.239 -0.048  0.176 2.881 0.100  -0.315 0.198 1.724
23-57-18-280   0.967 3.407 -0.767  0.433 3.222 -0.046  0.169 2.871 0.100  -0.317 0.185 1.723
23-57-18-301   0.948 3.390 -0.765  0.414 3.205 -0.045  0.161 2.860 0.099  -0.319 0.172 1.722
23-57-18-322   0.930 3.373 -0.763  0.396 3.188 -0.042  0.153 2.849 0.098  -0.320 0.159 1.721
23-57-18-342   0.921 3.365 -0.762  0.396 3.188 -0.042  0.146 2.838 0.096  -0.321 0.145 1.720
23-57-18-343   0.912 3.356 -0.761  0.378 3.171 -0.040  0.139 2.828 0.095  -0.321 0.133 1.719
23-57-18-364   0.896 3.341 -0.758  0.362 3.155 -0.038  0.132 2.816 0.093  -0.322 0.119 1.717
23-57-18-385   0.882 3.326 -0.757  0.348 3.140 -0.036  0.125 2.805 0.092  -0.322 0.106 1.716
23-57-18-406   0.868 3.311 -0.756  0.334 3.125 -0.035  0.119 2.793 0.090  -0.322 0.093 1.714
23-57-18-406   0.868 3.311 -0.756  0.334 3.125 -0.035  0.113 2.782 0.088  -0.322 0.080 1.712
23-57-18-427   0.857 3.298 -0.756  0.323 3.112 -0.035  0.107 2.770 0.087  -0.321 0.067 1.711
23-57-18-448   0.848 3.286 -0.757  0.314 3.101 -0.037  0.101 2.758 0.086  -0.321 0.054 1.709
23-57-18-469   0.841 3.275 -0.760  0.307 3.090 -0.039  0.095 2.746 0.085  -0.320 0.040 1.709
23-57-18-490   0.836 3.266 -0.764  0.302 3.081 -0.043  0.090 2.734 0.086  -0.318 0.027 1.710
23-57-18-490   0.836 3.266 -0.764  0.302 3.081 -0.043  0.084 2.721 0.088  -0.317 0.013 1.712
23-57-18-511   0.819 3.252 -0.766  0.285 3.067 -0.045  0.078 2.708 0.090  -0.315 -0.002 1.714
23-57-18-532   0.806 3.240 -0.754  0.272 3.054 -0.033  0.073 2.694 0.092  -0.314 -0.016 1.716
23-57-18-553   0.789 3.223 -0.754  0.255 3.037 -0.033  0.068 2.682 0.094  -0.311 -0.029 1.718
23-57-18-574   0.773 3.206 -0.755  0.239 3.020 -0.034  0.063 2.669 0.096  -0.310 -0.042 1.719
23-57-18-574   0.773 3.206 -0.755  0.239 3.020 -0.034  0.058 2.657 0.098  -0.308 -0.056 1.721
23-57-18-595   0.760 3.189 -0.758  0.226 3.003 -0.037  0.053 2.645 0.099  -0.307 -0.069 1.723
23-57-18-616   0.744 3.175 -0.761  0.210 2.989 -0.040  0.048 2.633 0.100  -0.306 -0.081 1.724
23-57-18-637   0.730 3.162 -0.763  0.196 2.976 -0.042  0.042 2.622 0.101  -0.305 -0.094 1.725
23-57-18-658   0.717 3.148 -0.764  0.183 2.962 -0.043  0.036 2.611 0.102  -0.305 -0.106 1.726
23-57-18-658   0.717 3.148 -0.764  0.183 2.962 -0.043  0.030 2.600 0.103  -0.304 -0.119 1.727
23-57-18-679   0.705 3.134 -0.764  0.171 2.948 -0.044  0.025 2.589 0.104  -0.304 -0.131 1.727
23-57-18-700   0.693 3.119 -0.766  0.159 2.934 -0.045  0.018 2.578 0.105  -0.304 -0.144 1.728
23-57-18-721   0.682 3.104 -0.767  0.148 2.918 -0.046  0.012 2.567 0.105  -0.305 -0.157 1.729
23-57-18-742   0.670 3.088 -0.768  0.136 2.903 -0.048  0.005 2.556 0.106  -0.305 -0.170 1.730
23-57-18-742   0.670 3.088 -0.768  0.136 2.903 -0.048  -0.002 2.545 0.107  -0.306 -0.182 1.730
23-57-18-763   0.658 3.073 -0.769  0.124 2.887 -0.049  -0.009 2.535 0.107  -0.307 -0.195 1.731
23-57-18-784   0.645 3.059 -0.770  0.111 2.873 -0.049  -0.016 2.525 0.107  -0.308 -0.207 1.731
23-57-18-805   0.632 3.045 -0.770  0.098 2.859 -0.050  -0.023 2.515 0.107  -0.309 -0.219 1.731
23-57-18-825   0.627 3.038 -0.770  0.093 2.852 -0.050  -0.030 2.505 0.108  -0.310 -0.231 1.731
23-57-18-826   0.620 3.031 -0.771  0.086 2.845 -0.050  -0.036 2.496 0.108  -0.311 -0.242 1.731
23-57-18-846   0.609 3.017 -0.770  0.075 2.832 -0.050  -0.043 2.486 0.108  -0.313 -0.254 1.731
23-57-18-867   0.597 3.004 -0.770  0.063 2.819 -0.049  -0.050 2.477 0.107  -0.314 -0.265 1.731
23-57-18-889   0.586 2.992 -0.769  0.052 2.806 -0.049  -0.056 2.467 0.106  -0.315 -0.277 1.730
23-57-18-909   0.580 2.985 -0.769  0.052 2.806 -0.049  -0.063 2.457 0.106  -0.316 -0.289 1.730
23-57-18-910   0.574 2.979 -0.768  0.040 2.793 -0.047  -0.070 2.447 0.105  -0.316 -0.301 1.728
23-57-18-930   0.561 2.966 -0.766  0.027 2.780 -0.046  -0.076 2.438 0.104  -0.318 -0.313 1.728
23-57-18-951   0.549 2.953 -0.764  0.015 2.768 -0.044  -0.083 2.427 0.103  -0.318 -0.325 1.726
23-57-18-972   0.537 2.941 -0.762  0.003 2.756 -0.041  -0.090 2.418 0.102  -0.319 -0.337 1.726
23-57-18-972   0.537 2.941 -0.762  0.003 2.756 -0.041  -0.096 2.408 0.101  -0.320 -0.348 1.725
23-57-18-993   0.524 2.930 -0.759  -0.010 2.744 -0.039  -0.103 2.398 0.100  -0.321 -0.360 1.724
23-57-19-14   0.512 2.918 -0.757  -0.022 2.732 -0.036  -0.110 2.389 0.099  -0.323 -0.372 1.723
23-57-19-35   0.500 2.906 -0.754  -0.034 2.720 -0.034  -0.116 2.379 0.098  -0.324 -0.384 1.722
23-57-19-56   0.490 2.894 -0.752  -0.044 2.709 -0.031  -0.123 2.369 0.097  -0.325 -0.396 1.721
23-57-19-56   0.490 2.894 -0.752  -0.044 2.709 -0.031  -0.130 2.359 0.096  -0.326 -0.408 1.720
23-57-19-77   0.479 2.883 -0.750  -0.055 2.697 -0.029  -0.137 2.349 0.095  -0.327 -0.419 1.718
23-57-19-98   0.469 2.871 -0.747  -0.065 2.685 -0.026  -0.144 2.340 0.093  -0.328 -0.431 1.717
23-57-19-120   0.459 2.859 -0.744  -0.075 2.674 -0.024  -0.151 2.329 0.093  -0.329 -0.444 1.716
23-57-19-141   0.448 2.847 -0.741  -0.086 2.662 -0.020  -0.157 2.319 0.092  -0.330 -0.456 1.716
23-57-19-141   0.448 2.847 -0.741  -0.086 2.662 -0.020  -0.163 2.309 0.093  -0.330 -0.468 1.716
23-57-19-162   0.438 2.834 -0.738  -0.096 2.648 -0.018  -0.169 2.298 0.093  -0.330 -0.480 1.717
23-57-19-183   0.431 2.824 -0.738  -0.103 2.638 -0.018  -0.174 2.288 0.094  -0.330 -0.491 1.717
23-57-19-208   0.422 2.814 -0.733  -0.112 2.628 -0.012  -0.179 2.279 0.094  -0.330 -0.502 1.718
23-57-19-226   0.418 2.809 -0.733  -0.116 2.623 -0.013  -0.184 2.268 0.095  -0.329 -0.513 1.719
23-57-19-228   0.412 2.802 -0.734  -0.122 2.617 -0.014  -0.189 2.259 0.096  -0.328 -0.524 1.719
23-57-19-249   0.402 2.789 -0.737  -0.132 2.604 -0.016  -0.193 2.250 0.096  -0.327 -0.534 1.720
23-57-19-270   0.394 2.776 -0.739  -0.140 2.591 -0.019  -0.196 2.240 0.097  -0.325 -0.544 1.721
23-57-19-292   0.387 2.764 -0.742  -0.147 2.578 -0.021  -0.199 2.231 0.098  -0.323 -0.554 1.722
23-57-19-310   0.384 2.757 -0.743  -0.147 2.578 -0.021  -0.201 2.221 0.098  -0.320 -0.563 1.722
23-57-19-312   0.381 2.751 -0.744  -0.153 2.565 -0.023  -0.203 2.212 0.099  -0.317 -0.572 1.723
23-57-19-333   0.375 2.739 -0.746  -0.159 2.553 -0.025  -0.204 2.203 0.099  -0.313 -0.580 1.723
23-57-19-354   0.370 2.727 -0.748  -0.164 2.541 -0.028  -0.204 2.194 0.099  -0.309 -0.588 1.723
23-57-19-375   0.366 2.715 -0.750  -0.168 2.529 -0.030  -0.203 2.185 0.099  -0.304 -0.595 1.723
23-57-19-375   0.366 2.715 -0.750  -0.168 2.529 -0.030  -0.202 2.176 0.099  -0.298 -0.602 1.723
23-57-19-396   0.364 2.703 -0.752  -0.170 2.517 -0.031  -0.200 2.167 0.099  -0.293 -0.609 1.723
23-57-19-416   0.362 2.691 -0.753  -0.172 2.505 -0.032  -0.198 2.159 0.099  -0.286 -0.615 1.723
23-57-19-437   0.360 2.679 -0.754  -0.174 2.494 -0.033  -0.195 2.151 0.099  -0.280 -0.621 1.722
23-57-19-458   0.360 2.669 -0.754  -0.174 2.483 -0.033  -0.191 2.143 0.098  -0.273 -0.626 1.722
23-57-19-458   0.360 2.669 -0.754  -0.174 2.483 -0.033  -0.188 2.135 0.098  -0.266 -0.631 1.722
23-57-19-480   0.360 2.659 -0.755  -0.174 2.473 -0.034  -0.184 2.128 0.098  -0.260 -0.635 1.721
23-57-19-501   0.360 2.649 -0.755  -0.174 2.463 -0.034  -0.179 2.122 0.097  -0.252 -0.638 1.721
23-57-19-521   0.361 2.639 -0.756  -0.173 2.453 -0.035  -0.174 2.115 0.097  -0.245 -0.642 1.721
23-57-19-543   0.363 2.629 -0.756  -0.172 2.448 -0.035  -0.169 2.109 0.097  -0.237 -0.645 1.720
23-57-19-543   0.363 2.629 -0.756  -0.171 2.443 -0.035  -0.164 2.103 0.096  -0.230 -0.648 1.720
23-57-19-563   0.365 2.619 -0.756  -0.169 2.433 -0.036  -0.159 2.097 0.095  -0.223 -0.650 1.719
23-57-19-584   0.367 2.608 -0.756  -0.167 2.423 -0.036  -0.153 2.092 0.094  -0.215 -0.652 1.718
23-57-19-605   0.370 2.598 -0.756  -0.164 2.412 -0.035  -0.148 2.087 0.094  -0.208 -0.653 1.717
23-57-19-626   0.374 2.588 -0.755  -0.160 2.403 -0.034  -0.142 2.083 0.093  -0.201 -0.654 1.717
23-57-19-626   0.374 2.588 -0.755  -0.160 2.403 -0.034  -0.136 2.078 0.093  -0.193 -0.655 1.717
23-57-19-647   0.377 2.580 -0.753  -0.157 2.395 -0.033  -0.130 2.075 0.093  -0.186 -0.655 1.717
23-57-19-668   0.381 2.573 -0.753  -0.153 2.387 -0.032  -0.123 2.071 0.094  -0.179 -0.655 1.718
23-57-19-689   0.388 2.567 -0.757  -0.146 2.382 -0.036  -0.116 2.068 0.095  -0.171 -0.655 1.718
23-57-19-710   0.394 2.562 -0.758  -0.143 2.380 -0.035  -0.109 2.064 0.095  -0.163 -0.654 1.719
23-57-19-710   0.394 2.562 -0.758  -0.140 2.377 -0.037  -0.102 2.061 0.096  -0.156 -0.653 1.720
23-57-19-731   0.401 2.557 -0.758  -0.133 2.372 -0.037  -0.095 2.059 0.096  -0.148 -0.652 1.720
23-57-19-752   0.407 2.553 -0.756  -0.127 2.367 -0.035  -0.088 2.056 0.096  -0.140 -0.651 1.720
23-57-19-773   0.413 2.550 -0.752  -0.121 2.365 -0.031  -0.081 2.054 0.096  -0.133 -0.649 1.720
23-57-19-792   0.416 2.547 -0.753  -0.118 2.362 -0.032  -0.074 2.051 0.096  -0.126 -0.648 1.719
23-57-19-794   0.419 2.545 -0.753  -0.115 2.359 -0.033  -0.066 2.048 0.095  -0.118 -0.647 1.719
23-57-19-815   0.426 2.538 -0.755  -0.108 2.353 -0.034  -0.059 2.045 0.095  -0.110 -0.646 1.718
23-57-19-836   0.433 2.532 -0.755  -0.101 2.346 -0.035  -0.052 2.042 0.094  -0.103 -0.646 1.718
23-57-19-857   0.440 2.525 -0.756  -0.094 2.339 -0.035  -0.045 2.039 0.093  -0.095 -0.645 1.717
23-57-19-857   0.440 2.525 -0.756  -0.094 2.339 -0.035  -0.038 2.035 0.093  -0.087 -0.645 1.717
23-57-19-879   0.447 2.518 -0.756  -0.087 2.332 -0.035  -0.031 2.031 0.093  -0.079 -0.645 1.717
23-57-19-900   0.455 2.509 -0.756  -0.079 2.324 -0.035  -0.024 2.027 0.093  -0.071 -0.645 1.716
23-57-19-921   0.462 2.501 -0.755  -0.072 2.315 -0.035  -0.018 2.022 0.093  -0.063 -0.646 1.716
23-57-19-941   0.469 2.492 -0.755  -0.065 2.307 -0.035  -0.011 2.017 0.093  -0.054 -0.647 1.716
23-57-19-960   0.473 2.488 -0.755  -0.065 2.307 -0.035  -0.005 2.012 0.092  -0.046 -0.648 1.716
23-57-19-962   0.476 2.484 -0.755  -0.058 2.299 -0.035  0.002 2.007 0.092  -0.039 -0.650 1.716
23-57-19-983   0.482 2.477 -0.756  -0.052 2.292 -0.035  0.007 2.002 0.092  -0.031 -0.651 1.716
23-57-20-04   0.490 2.470 -0.756  -0.044 2.285 -0.036  0.013 1.997 0.092  -0.024 -0.653 1.716
23-57-20-25   0.497 2.464 -0.757  -0.037 2.278 -0.036  0.019 1.992 0.092  -0.016 -0.654 1.716
23-57-20-44   0.501 2.460 -0.757  -0.037 2.278 -0.036  0.024 1.987 0.091  -0.009 -0.656 1.715
23-57-20-46   0.505 2.456 -0.757  -0.029 2.271 -0.037  0.030 1.981 0.091  -0.001 -0.658 1.715
23-57-20-67   0.512 2.449 -0.757  -0.022 2.263 -0.037  0.036 1.975 0.090  0.007 -0.661 1.714
23-57-20-88   0.520 2.440 -0.757  -0.014 2.255 -0.036  0.042 1.969 0.090  0.015 -0.663 1.713
23-57-20-108   0.528 2.431 -0.757  -0.006 2.246 -0.036  0.048 1.963 0.089  0.024 -0.666 1.713
23-57-20-108   0.528 2.431 -0.757  -0.006 2.246 -0.036  0.054 1.956 0.088  0.032 -0.668 1.712
23-57-20-130   0.536 2.422 -0.756  0.002 2.236 -0.035  0.061 1.950 0.087  0.041 -0.671 1.711
23-57-20-151   0.543 2.412 -0.755  0.009 2.226 -0.034  0.067 1.943 0.086  0.050 -0.673 1.710
23-57-20-172   0.550 2.402 -0.753  0.016 2.217 -0.033  0.074 1.936 0.086  0.059 -0.676 1.709
23-57-20-192   0.557 2.393 -0.752  0.023 2.207 -0.031  0.081 1.928 0.085  0.069 -0.679 1.708
23-57-20-192   0.557 2.393 -0.752  0.023 2.207 -0.031  0.087 1.921 0.083  0.078 -0.683 1.707
23-57-20-213   0.564 2.383 -0.751  0.030 2.197 -0.030  0.093 1.913 0.082  0.088 -0.687 1.706
23-57-20-234   0.570 2.373 -0.749  0.036 2.188 -0.028  0.099 1.904 0.081  0.097 -0.691 1.705
23-57-20-255   0.577 2.363 -0.747  0.043 2.177 -0.027  0.105 1.896 0.080  0.106 -0.696 1.703
23-57-20-277   0.583 2.352 -0.745  0.046 2.172 -0.026  0.111 1.887 0.078  0.116 -0.700 1.702
23-57-20-277   0.583 2.352 -0.745  0.049 2.167 -0.025  0.117 1.878 0.077  0.125 -0.705 1.701
23-57-20-297   0.589 2.341 -0.743  0.055 2.155 -0.022  0.122 1.869 0.076  0.134 -0.710 1.700
23-57-20-318   0.594 2.329 -0.741  0.060 2.144 -0.020  0.128 1.860 0.074  0.144 -0.715 1.698
23-57-20-339   0.599 2.317 -0.738  0.065 2.132 -0.017  0.134 1.851 0.073  0.153 -0.721 1.697
23-57-20-361   0.605 2.304 -0.735  0.068 2.125 -0.016  0.139 1.842 0.073  0.163 -0.726 1.697
23-57-20-361   0.605 2.304 -0.735  0.071 2.119 -0.015  0.146 1.832 0.074  0.173 -0.731 1.698
23-57-20-381   0.611 2.291 -0.732  0.077 2.105 -0.012  0.153 1.823 0.076  0.184 -0.736 1.699
23-57-20-402   0.617 2.278 -0.731  0.083 2.092 -0.010  0.160 1.812 0.077  0.195 -0.742 1.700
23-57-20-424   0.624 2.264 -0.736  0.090 2.079 -0.015  0.166 1.802 0.078  0.206 -0.747 1.702
23-57-20-424   0.624 2.264 -0.736  0.090 2.079 -0.015  0.173 1.792 0.079  0.216 -0.753 1.703
23-57-20-446   0.631 2.251 -0.738  0.097 2.065 -0.017  0.179 1.782 0.080  0.227 -0.759 1.703
23-57-20-466   0.637 2.237 -0.739  0.103 2.051 -0.018  0.185 1.771 0.080  0.237 -0.765 1.704
23-57-20-486   0.644 2.221 -0.742  0.110 2.035 -0.022  0.191 1.761 0.080  0.247 -0.771 1.704
23-57-20-507   0.653 2.206 -0.746  0.119 2.020 -0.025  0.197 1.752 0.080  0.257 -0.776 1.704
23-57-20-527   0.658 2.197 -0.748  0.119 2.020 -0.025  0.203 1.743 0.080  0.267 -0.781 1.703
23-57-20-529   0.662 2.188 -0.749  0.128 2.003 -0.028  0.210 1.734 0.080  0.277 -0.785 1.703
23-57-20-549   0.672 2.173 -0.751  0.138 1.988 -0.030  0.217 1.726 0.079  0.287 -0.789 1.703
23-57-20-571   0.683 2.159 -0.753  0.149 1.973 -0.032  0.224 1.718 0.079  0.297 -0.792 1.703
23-57-20-591   0.693 2.145 -0.754  0.159 1.960 -0.033  0.232 1.711 0.079  0.308 -0.795 1.702
23-57-20-591   0.693 2.145 -0.754  0.159 1.960 -0.033  0.241 1.704 0.079  0.319 -0.797 1.702
23-57-20-612   0.703 2.132 -0.755  0.169 1.947 -0.035  0.249 1.697 0.078  0.330 -0.799 1.702
23-57-20-633   0.713 2.119 -0.756  0.179 1.934 -0.036  0.259 1.690 0.078  0.341 -0.799 1.702
23-57-20-654   0.723 2.107 -0.758  0.189 1.921 -0.037  0.268 1.684 0.078  0.352 -0.800 1.702
23-57-20-675   0.734 2.094 -0.759  0.200 1.909 -0.038  0.277 1.678 0.078  0.363 -0.801 1.701
23-57-20-675   0.734 2.094 -0.759  0.200 1.909 -0.038  0.287 1.673 0.077  0.374 -0.801 1.701
23-57-20-696   0.744 2.082 -0.760  0.210 1.897 -0.039  0.296 1.668 0.077  0.384 -0.801 1.701
23-57-20-717   0.753 2.072 -0.760  0.219 1.886 -0.040  0.305 1.663 0.077  0.395 -0.800 1.700
23-57-20-738   0.763 2.062 -0.761  0.229 1.876 -0.040  0.315 1.658 0.076  0.405 -0.800 1.700
23-57-20-759   0.773 2.053 -0.761  0.239 1.867 -0.041  0.324 1.654 0.075  0.416 -0.799 1.699
23-57-20-759   0.773 2.053 -0.761  0.239 1.867 -0.041  0.334 1.649 0.075  0.427 -0.798 1.698
23-57-20-780   0.782 2.044 -0.761  0.248 1.859 -0.041  0.345 1.645 0.074  0.438 -0.797 1.697
23-57-20-801   0.793 2.036 -0.761  0.259 1.850 -0.040  0.356 1.640 0.073  0.450 -0.796 1.696
23-57-20-822   0.806 2.026 -0.760  0.272 1.841 -0.040  0.366 1.636 0.072  0.461 -0.794 1.695
23-57-20-843   0.818 2.017 -0.759  0.284 1.831 -0.038  0.377 1.632 0.071  0.473 -0.792 1.694
23-57-20-843   0.818 2.017 -0.759  0.284 1.831 -0.038  0.388 1.628 0.069  0.485 -0.791 1.693
23-57-20-864   0.831 2.008 -0.758  0.297 1.822 -0.037  0.399 1.624 0.069  0.496 -0.788 1.692
23-57-20-885   0.844 1.999 -0.756  0.310 1.813 -0.036  0.410 1.621 0.067  0.507 -0.786 1.691
23-57-20-906   0.858 1.990 -0.755  0.324 1.804 -0.034  0.421 1.618 0.066  0.518 -0.783 1.690
23-57-20-927   0.872 1.982 -0.753  0.330 1.800 -0.033  0.433 1.615 0.064  0.530 -0.780 1.688
23-57-20-927   0.872 1.982 -0.753  0.338 1.796 -0.033  0.444 1.612 0.063  0.540 -0.777 1.687
23-57-20-947   0.886 1.974 -0.752  0.352 1.788 -0.031  0.455 1.609 0.062  0.552 -0.774 1.685
23-57-20-969   0.901 1.966 -0.750  0.367 1.780 -0.030  0.466 1.607 0.060  0.563 -0.770 1.684
23-57-20-990   0.916 1.958 -0.749  0.382 1.773 -0.028  0.477 1.605 0.059  0.573 -0.766 1.683
23-57-21-09   0.923 1.955 -0.748  0.389 1.769 -0.028  0.488 1.603 0.059  0.584 -0.763 1.683
23-57-21-11   0.929 1.951 -0.748  0.395 1.765 -0.027  0.500 1.601 0.060  0.595 -0.759 1.684
23-57-21-32   0.942 1.942 -0.748  0.408 1.757 -0.027  0.512 1.598 0.062  0.607 -0.755 1.685
23-57-21-53   0.957 1.933 -0.744  0.423 1.747 -0.024  0.524 1.596 0.064  0.619 -0.751 1.687
23-57-21-74   0.971 1.924 -0.745  0.437 1.739 -0.025  0.537 1.594 0.066  0.631 -0.746 1.689
23-57-21-93   0.978 1.921 -0.746  0.444 1.735 -0.025  0.549 1.593 0.067  0.642 -0.742 1.691
23-57-21-95   0.985 1.918 -0.747  0.451 1.732 -0.026  0.561 1.591 0.069  0.654 -0.738 1.693
23-57-21-115   1.000 1.912 -0.747  0.466 1.726 -0.027  0.574 1.589 0.070  0.665 -0.733 1.694
23-57-21-136   1.017 1.905 -0.751  0.483 1.719 -0.030  0.585 1.587 0.071  0.676 -0.730 1.695
23-57-21-157   1.034 1.897 -0.754  0.500 1.711 -0.034  0.597 1.584 0.072  0.687 -0.726 1.696
23-57-21-177   1.042 1.892 -0.756  0.500 1.711 -0.034  0.607 1.581 0.073  0.698 -0.724 1.696
23-57-21-179   1.049 1.888 -0.757  0.515 1.703 -0.036  0.617 1.578 0.073  0.709 -0.722 1.697
23-57-21-199   1.064 1.881 -0.758  0.530 1.695 -0.037  0.628 1.575 0.073  0.719 -0.719 1.697
23-57-21-220   1.078 1.873 -0.758  0.544 1.687 -0.038  0.638 1.571 0.073  0.730 -0.717 1.697
23-57-21-241   1.091 1.865 -0.759  0.557 1.679 -0.038  0.649 1.568 0.073  0.741 -0.715 1.696
23-57-21-241   1.091 1.865 -0.759  0.557 1.679 -0.038  0.660 1.564 0.073  0.753 -0.713 1.696
23-57-21-262   1.105 1.857 -0.759  0.571 1.671 -0.038  0.671 1.559 0.072  0.765 -0.711 1.696
23-57-21-283   1.120 1.850 -0.760  0.586 1.665 -0.039  0.683 1.555 0.072  0.777 -0.710 1.696
23-57-21-304   1.135 1.843 -0.760  0.601 1.658 -0.039  0.694 1.550 0.071  0.789 -0.709 1.695
23-57-21-325   1.150 1.836 -0.761  0.616 1.651 -0.040  0.704 1.544 0.071  0.801 -0.708 1.695
23-57-21-325   1.150 1.836 -0.761  0.616 1.651 -0.040  0.714 1.539 0.071  0.812 -0.708 1.695
23-57-21-346   1.165 1.828 -0.761  0.631 1.643 -0.040  0.723 1.534 0.071  0.823 -0.708 1.694
23-57-21-367   1.179 1.820 -0.761  0.645 1.634 -0.041  0.732 1.528 0.071  0.833 -0.708 1.694
23-57-21-389   1.193 1.812 -0.762  0.659 1.626 -0.041  0.741 1.523 0.070  0.843 -0.709 1.694
23-57-21-408   1.200 1.808 -0.762  0.666 1.622 -0.041  0.750 1.517 0.070  0.853 -0.709 1.694
23-57-21-410   1.206 1.804 -0.762  0.672 1.619 -0.041  0.758 1.512 0.070  0.863 -0.710 1.694
23-57-21-431   1.219 1.796 -0.761  0.685 1.611 -0.041  0.767 1.506 0.069  0.874 -0.711 1.693
23-57-21-454   1.232 1.788 -0.761  0.698 1.603 -0.040  0.776 1.500 0.069  0.885 -0.711 1.692
23-57-21-473   1.244 1.781 -0.760  0.710 1.595 -0.039  0.785 1.494 0.068  0.896 -0.713 1.691
23-57-21-493   1.257 1.772 -0.759  0.716 1.591 -0.039  0.793 1.487 0.066  0.907 -0.714 1.690
23-57-21-493   1.257 1.772 -0.759  0.723 1.587 -0.038  0.803 1.480 0.065  0.918 -0.716 1.689
23-57-21-514   1.268 1.764 -0.758  0.734 1.579 -0.037  0.812 1.472 0.064  0.930 -0.718 1.687
23-57-21-535   1.280 1.755 -0.756  0.746 1.569 -0.035  0.821 1.465 0.062  0.941 -0.720 1.686
23-57-21-556   1.292 1.743 -0.753  0.758 1.558 -0.033  0.828 1.457 0.061  0.952 -0.723 1.685
23-57-21-575   1.298 1.738 -0.752  0.764 1.552 -0.031  0.837 1.449 0.060  0.963 -0.726 1.683
23-57-21-577   1.303 1.732 -0.750  0.769 1.546 -0.029  0.845 1.440 0.058  0.974 -0.730 1.682
23-57-21-598   1.314 1.720 -0.747  0.780 1.534 -0.026  0.853 1.431 0.057  0.986 -0.733 1.680
23-57-21-619   1.324 1.708 -0.743  0.790 1.522 -0.023  0.860 1.422 0.055  0.997 -0.738 1.679
23-57-21-640   1.334 1.694 -0.740  0.800 1.509 -0.019  0.868 1.413 0.054  1.008 -0.742 1.677
23-57-21-659   1.339 1.688 -0.738  0.805 1.502 -0.017  0.876 1.403 0.053  1.020 -0.747 1.676
23-57-21-661   1.343 1.681 -0.736  0.809 1.495 -0.015  0.883 1.393 0.052  1.031 -0.752 1.676
23-57-21-682   1.352 1.667 -0.732  0.818 1.481 -0.012  0.891 1.383 0.052  1.043 -0.757 1.676
23-57-21-703   1.361 1.653 -0.729  0.827 1.467 -0.008  0.899 1.372 0.053  1.055 -0.763 1.676
23-57-21-724   1.369 1.639 -0.726  0.835 1.453 -0.005  0.907 1.361 0.054  1.067 -0.768 1.678
23-57-21-743   1.373 1.631 -0.725  0.835 1.453 -0.005  0.914 1.350 0.056  1.079 -0.774 1.680
23-57-21-745   1.377 1.625 -0.725  0.843 1.439 -0.004  0.922 1.338 0.058  1.092 -0.780 1.682
23-57-21-766   1.385 1.610 -0.732  0.851 1.425 -0.012  0.930 1.327 0.060  1.104 -0.787 1.683
23-57-21-787   1.392 1.596 -0.735  0.858 1.410 -0.014  0.936 1.316 0.061  1.115 -0.793 1.684
23-57-21-808   1.401 1.576 -0.740  0.867 1.391 -0.019  0.943 1.305 0.062  1.126 -0.799 1.685
23-57-21-827   1.407 1.567 -0.742  0.867 1.391 -0.019  0.949 1.295 0.062  1.137 -0.805 1.686
23-57-21-829   1.412 1.557 -0.744  0.878 1.372 -0.023  0.955 1.285 0.063  1.147 -0.811 1.687
23-57-21-850   1.425 1.539 -0.748  0.891 1.354 -0.027  0.962 1.275 0.064  1.157 -0.816 1.687
23-57-21-872   1.436 1.523 -0.750  0.902 1.337 -0.030  0.968 1.266 0.064  1.168 -0.821 1.688
23-57-21-893   1.449 1.506 -0.752  0.908 1.329 -0.031  0.975 1.256 0.064  1.178 -0.826 1.688
23-57-21-893   1.449 1.506 -0.752  0.915 1.321 -0.032  0.982 1.247 0.064  1.189 -0.831 1.687
23-57-21-913   1.462 1.490 -0.754  0.928 1.304 -0.033  0.990 1.238 0.064  1.200 -0.835 1.687
23-57-21-933   1.474 1.474 -0.755  0.940 1.289 -0.034  0.998 1.228 0.063  1.212 -0.839 1.687
23-57-21-955   1.485 1.459 -0.756  0.951 1.273 -0.035  1.006 1.220 0.063  1.223 -0.843 1.687
23-57-21-976   1.497 1.443 -0.756  0.963 1.257 -0.036  1.014 1.211 0.062  1.234 -0.847 1.686
23-57-21-976   1.497 1.443 -0.756  0.963 1.257 -0.036  1.022 1.202 0.062  1.245 -0.850 1.686
23-57-21-996   1.510 1.428 -0.757  0.976 1.242 -0.037  1.030 1.194 0.062  1.256 -0.853 1.685
23-57-22-17   1.521 1.413 -0.758  0.987 1.228 -0.037  1.037 1.187 0.061  1.267 -0.856 1.685
23-57-22-38   1.533 1.399 -0.758  0.999 1.213 -0.038  1.045 1.179 0.061  1.277 -0.859 1.685
23-57-22-59   1.544 1.385 -0.759  1.010 1.199 -0.038  1.052 1.172 0.060  1.287 -0.862 1.684
23-57-22-59   1.544 1.385 -0.759  1.010 1.199 -0.038  1.059 1.165 0.060  1.296 -0.865 1.684
23-57-22-80   1.555 1.371 -0.759  1.021 1.186 -0.038  1.067 1.157 0.060  1.307 -0.867 1.683
23-57-22-102   1.566 1.358 -0.759  1.032 1.172 -0.038  1.074 1.150 0.059  1.316 -0.870 1.683
23-57-22-123   1.575 1.345 -0.758  1.041 1.160 -0.038  1.082 1.143 0.058  1.327 -0.872 1.682
23-57-22-123   1.575 1.345 -0.758  1.041 1.160 -0.038  1.089 1.136 0.057  1.337 -0.875 1.681
23-57-22-146   1.584 1.334 -0.758  1.050 1.148 -0.038  1.097 1.129 0.056  1.347 -0.877 1.680
23-57-22-166   1.593 1.322 -0.758  1.059 1.136 -0.037  1.105 1.122 0.055  1.357 -0.880 1.679
23-57-22-185   1.602 1.310 -0.757  1.068 1.124 -0.037  1.113 1.114 0.054  1.368 -0.882 1.678
23-57-22-207   1.612 1.296 -0.756  1.078 1.111 -0.035  1.121 1.107 0.053  1.378 -0.884 1.677
23-57-22-225   1.617 1.290 -0.755  1.083 1.104 -0.034  1.128 1.101 0.052  1.388 -0.887 1.675
23-57-22-227   1.623 1.283 -0.754  1.089 1.098 -0.033  1.136 1.094 0.051  1.398 -0.888 1.675
23-57-22-248   1.634 1.270 -0.752  1.100 1.085 -0.032  1.144 1.088 0.050  1.408 -0.890 1.673
23-57-22-269   1.644 1.257 -0.751  1.110 1.071 -0.030  1.152 1.081 0.049  1.418 -0.892 1.672
23-57-22-291   1.655 1.244 -0.749  1.121 1.058 -0.029  1.160 1.075 0.047  1.428 -0.894 1.671
23-57-22-309   1.661 1.237 -0.748  1.121 1.058 -0.029  1.167 1.069 0.046  1.438 -0.895 1.670
23-57-22-311   1.667 1.229 -0.748  1.133 1.044 -0.027  1.175 1.063 0.045  1.447 -0.897 1.669
23-57-22-332   1.679 1.215 -0.745  1.145 1.029 -0.025  1.182 1.057 0.045  1.456 -0.898 1.668
23-57-22-354   1.692 1.200 -0.743  1.158 1.014 -0.023  1.190 1.050 0.045  1.467 -0.900 1.669
23-57-22-374   1.704 1.183 -0.741  1.170 0.997 -0.021  1.198 1.043 0.046  1.477 -0.903 1.670
23-57-22-374   1.704 1.183 -0.741  1.170 0.997 -0.021  1.206 1.035 0.048  1.488 -0.905 1.672
23-57-22-395   1.715 1.166 -0.741  1.181 0.981 -0.020  1.213 1.028 0.049  1.497 -0.908 1.673
23-57-22-416   1.724 1.150 -0.736  1.190 0.965 -0.015  1.220 1.022 0.051  1.507 -0.910 1.675
23-57-22-437   1.733 1.135 -0.734  1.199 0.950 -0.014  1.227 1.015 0.053  1.515 -0.913 1.676
23-57-22-458   1.745 1.120 -0.737  1.211 0.935 -0.016  1.233 1.009 0.054  1.524 -0.916 1.678
23-57-22-458   1.745 1.120 -0.737  1.211 0.935 -0.016  1.238 1.003 0.056  1.531 -0.918 1.680
23-57-22-479   1.755 1.106 -0.740  1.221 0.920 -0.019  1.242 0.997 0.058  1.538 -0.921 1.681
23-57-22-500   1.761 1.091 -0.742  1.227 0.906 -0.021  1.246 0.992 0.059  1.544 -0.924 1.683
23-57-22-521   1.766 1.078 -0.742  1.232 0.893 -0.022  1.250 0.986 0.060  1.550 -0.927 1.684
23-57-22-542   1.771 1.067 -0.743  1.237 0.881 -0.022  1.253 0.981 0.061  1.555 -0.930 1.685
23-57-22-542   1.771 1.067 -0.743  1.237 0.881 -0.022  1.256 0.975 0.063  1.561 -0.933 1.686
23-57-22-563   1.777 1.055 -0.744  1.243 0.870 -0.023  1.259 0.969 0.064  1.566 -0.937 1.687
23-57-22-584   1.783 1.043 -0.745  1.249 0.858 -0.025  1.261 0.962 0.064  1.572 -0.942 1.688
23-57-22-605   1.789 1.032 -0.747  1.255 0.846 -0.026  1.263 0.956 0.065  1.577 -0.947 1.689
23-57-22-626   1.794 1.021 -0.748  1.260 0.835 -0.027  1.264 0.949 0.066  1.581 -0.952 1.689
23-57-22-626   1.794 1.021 -0.748  1.260 0.835 -0.027  1.265 0.942 0.066  1.585 -0.957 1.690
23-57-22-647   1.797 1.010 -0.749  1.263 0.824 -0.028  1.265 0.936 0.067  1.588 -0.963 1.690
23-57-22-669   1.798 1.000 -0.749  1.264 0.814 -0.029  1.264 0.930 0.067  1.590 -0.968 1.691
23-57-22-690   1.799 0.989 -0.749  1.265 0.804 -0.029  1.263 0.924 0.067  1.592 -0.974 1.691
23-57-22-709   1.799 0.984 -0.749  1.265 0.799 -0.029  1.262 0.920 0.068  1.593 -0.979 1.691
23-57-22-711   1.798 0.979 -0.749  1.264 0.794 -0.029  1.260 0.914 0.068  1.594 -0.984 1.692
23-57-22-731   1.797 0.970 -0.749  1.263 0.785 -0.028  1.257 0.910 0.069  1.594 -0.990 1.693
23-57-22-752   1.795 0.961 -0.749  1.261 0.776 -0.028  1.255 0.905 0.069  1.594 -0.995 1.693
23-57-22-773   1.793 0.953 -0.748  1.259 0.768 -0.027  1.252 0.901 0.070  1.593 -1.000 1.693
23-57-22-792   1.792 0.950 -0.748  1.258 0.764 -0.027  1.248 0.897 0.070  1.592 -1.005 1.693
23-57-22-794   1.791 0.946 -0.747  1.257 0.761 -0.027  1.245 0.894 0.070  1.591 -1.010 1.694
23-57-22-814   1.787 0.939 -0.746  1.253 0.754 -0.026  1.241 0.890 0.070  1.589 -1.015 1.694
23-57-22-835   1.783 0.933 -0.745  1.249 0.748 -0.024  1.237 0.887 0.070  1.588 -1.020 1.694
23-57-22-857   1.778 0.927 -0.743  1.244 0.742 -0.023  1.232 0.884 0.070  1.585 -1.025 1.694
23-57-22-876   1.775 0.924 -0.742  1.241 0.739 -0.021  1.228 0.881 0.070  1.583 -1.029 1.693
23-57-22-878   1.772 0.921 -0.741  1.238 0.736 -0.020  1.224 0.878 0.069  1.580 -1.033 1.693
23-57-22-899   1.766 0.915 -0.738  1.232 0.730 -0.018  1.220 0.876 0.069  1.578 -1.038 1.693
23-57-22-920   1.758 0.910 -0.739  1.224 0.725 -0.019  1.215 0.873 0.069  1.575 -1.042 1.693
23-57-22-941   1.750 0.906 -0.742  1.216 0.720 -0.021  1.210 0.870 0.070  1.572 -1.048 1.694
23-57-22-960   1.746 0.903 -0.745  1.216 0.720 -0.021  1.205 0.866 0.072  1.570 -1.053 1.695
23-57-22-962   1.742 0.900 -0.743  1.208 0.715 -0.022  1.199 0.862 0.073  1.566 -1.060 1.697
23-57-22-983   1.733 0.896 -0.741  1.199 0.711 -0.020  1.193 0.859 0.075  1.563 -1.065 1.699
23-57-23-04   1.724 0.891 -0.747  1.190 0.706 -0.026  1.188 0.856 0.077  1.560 -1.070 1.701
23-57-23-25   1.714 0.885 -0.750  1.180 0.699 -0.029  1.183 0.853 0.078  1.557 -1.075 1.702
23-57-23-25   1.714 0.885 -0.750  1.180 0.699 -0.029  1.177 0.851 0.079  1.553 -1.080 1.702
23-57-23-46   1.704 0.880 -0.748  1.170 0.694 -0.027  1.172 0.848 0.079  1.550 -1.086 1.703
23-57-23-66   1.695 0.873 -0.750  1.161 0.688 -0.030  1.166 0.845 0.079  1.547 -1.091 1.703
23-57-23-87   1.683 0.862 -0.752  1.149 0.677 -0.031  1.161 0.841 0.079  1.543 -1.097 1.703
23-57-23-108   1.669 0.848 -0.754  1.135 0.662 -0.033  1.155 0.837 0.079  1.541 -1.103 1.702
23-57-23-127   1.662 0.840 -0.754  1.135 0.662 -0.033  1.149 0.833 0.078  1.537 -1.110 1.702
23-57-23-129   1.655 0.833 -0.755  1.121 0.648 -0.034  1.142 0.828 0.078  1.534 -1.117 1.702
23-57-23-150   1.643 0.822 -0.755  1.109 0.636 -0.035  1.136 0.823 0.078  1.531 -1.125 1.701
23-57-23-171   1.632 0.811 -0.756  1.098 0.626 -0.035  1.129 0.817 0.077  1.528 -1.133 1.701
23-57-23-192   1.620 0.801 -0.757  1.086 0.615 -0.036  1.122 0.810 0.077  1.525 -1.143 1.701
23-57-23-192   1.620 0.801 -0.757  1.086 0.615 -0.036  1.115 0.803 0.076  1.522 -1.152 1.700
23-57-23-213   1.608 0.790 -0.757  1.074 0.605 -0.036  1.108 0.797 0.076  1.520 -1.161 1.700
23-57-23-234   1.597 0.780 -0.757  1.063 0.594 -0.037  1.102 0.790 0.075  1.517 -1.170 1.699
23-57-23-255   1.585 0.770 -0.758  1.051 0.584 -0.037  1.096 0.784 0.075  1.515 -1.179 1.698
23-57-23-276   1.572 0.760 -0.757  1.045 0.579 -0.037  1.090 0.777 0.074  1.513 -1.187 1.698
23-57-23-276   1.572 0.760 -0.757  1.038 0.574 -0.037  1.084 0.770 0.074  1.512 -1.196 1.697
23-57-23-297   1.560 0.749 -0.757  1.026 0.564 -0.037  1.079 0.764 0.073  1.510 -1.205 1.696
23-57-23-318   1.548 0.739 -0.757  1.014 0.553 -0.036  1.072 0.757 0.072  1.508 -1.214 1.696
23-57-23-340   1.536 0.729 -0.756  1.002 0.543 -0.036  1.067 0.750 0.071  1.507 -1.222 1.695
23-57-23-359   1.531 0.723 -0.756  0.997 0.538 -0.035  1.061 0.743 0.070  1.505 -1.231 1.694
23-57-23-361   1.525 0.718 -0.756  0.991 0.533 -0.035  1.055 0.735 0.069  1.504 -1.241 1.693
23-57-23-382   1.515 0.709 -0.755  0.981 0.523 -0.034  1.050 0.728 0.068  1.502 -1.250 1.692
23-57-23-402   1.505 0.699 -0.754  0.971 0.513 -0.033  1.044 0.720 0.067  1.501 -1.259 1.691
23-57-23-423   1.494 0.689 -0.753  0.960 0.504 -0.032  1.038 0.712 0.066  1.500 -1.269 1.690
23-57-23-442   1.489 0.684 -0.752  0.955 0.499 -0.031  1.032 0.704 0.065  1.498 -1.279 1.688
23-57-23-444   1.484 0.679 -0.751  0.950 0.494 -0.031  1.026 0.697 0.064  1.497 -1.289 1.688
23-57-23-465   1.474 0.669 -0.750  0.940 0.484 -0.029  1.020 0.688 0.062  1.496 -1.299 1.686
23-57-23-486   1.465 0.659 -0.748  0.931 0.473 -0.028  1.015 0.680 0.061  1.496 -1.308 1.685
23-57-23-507   1.457 0.648 -0.746  0.923 0.463 -0.026  1.010 0.671 0.061  1.495 -1.319 1.684
23-57-23-526   1.452 0.643 -0.745  0.923 0.463 -0.026  1.005 0.662 0.059  1.495 -1.329 1.683
23-57-23-528   1.448 0.637 -0.744  0.914 0.451 -0.024  1.000 0.653 0.059  1.496 -1.340 1.682
23-57-23-549   1.439 0.625 -0.742  0.905 0.439 -0.022  0.994 0.643 0.057  1.496 -1.351 1.681
23-57-23-571   1.431 0.613 -0.741  0.897 0.427 -0.020  0.989 0.633 0.056  1.496 -1.362 1.680
23-57-23-591   1.422 0.600 -0.739  0.888 0.415 -0.018  0.984 0.623 0.055  1.497 -1.374 1.679
23-57-23-591   1.422 0.600 -0.739  0.888 0.415 -0.018  0.979 0.613 0.054  1.498 -1.385 1.678
23-57-23-612   1.414 0.588 -0.737  0.880 0.402 -0.016  0.975 0.602 0.054  1.499 -1.396 1.677
23-57-23-633   1.406 0.575 -0.734  0.872 0.389 -0.014  0.970 0.592 0.053  1.500 -1.407 1.676
23-57-23-654   1.398 0.561 -0.733  0.864 0.376 -0.012  0.966 0.582 0.052  1.501 -1.418 1.675
23-57-23-675   1.390 0.548 -0.731  0.856 0.362 -0.010  0.962 0.571 0.052  1.503 -1.430 1.675
23-57-23-675   1.390 0.548 -0.731  0.856 0.362 -0.010  0.958 0.560 0.052  1.505 -1.441 1.676
23-57-23-696   1.382 0.535 -0.730  0.848 0.349 -0.009  0.953 0.549 0.054  1.506 -1.453 1.677
23-57-23-716   1.372 0.522 -0.730  0.838 0.336 -0.009  0.948 0.538 0.056  1.507 -1.465 1.679
23-57-23-739   1.363 0.509 -0.736  0.829 0.324 -0.016  0.943 0.526 0.058  1.509 -1.478 1.681
23-57-23-760   1.356 0.498 -0.740  0.825 0.318 -0.017  0.939 0.515 0.060  1.510 -1.490 1.683
23-57-23-760   1.356 0.498 -0.740  0.822 0.312 -0.020  0.934 0.503 0.061  1.512 -1.503 1.685
23-57-23-782   1.352 0.486 -0.745  0.818 0.301 -0.024  0.930 0.491 0.063  1.514 -1.515 1.687
23-57-23-802   1.347 0.474 -0.746  0.813 0.288 -0.026  0.926 0.479 0.064  1.516 -1.527 1.688
23-57-23-824   1.338 0.462 -0.757  0.804 0.276 -0.037  0.921 0.468 0.065  1.518 -1.540 1.689
23-57-23-843   1.330 0.451 -0.761  0.800 0.271 -0.039  0.917 0.457 0.066  1.520 -1.551 1.689
23-57-23-843   1.330 0.451 -0.761  0.796 0.266 -0.040  0.913 0.446 0.066  1.521 -1.562 1.690
23-57-23-863   1.322 0.441 -0.762  0.788 0.256 -0.041  0.909 0.436 0.066  1.523 -1.573 1.690
23-57-23-884   1.316 0.431 -0.763  0.782 0.245 -0.042  0.904 0.426 0.066  1.524 -1.584 1.690
23-57-23-905   1.306 0.419 -0.764  0.772 0.234 -0.044  0.900 0.416 0.066  1.525 -1.595 1.690
23-57-23-926   1.295 0.405 -0.765  0.766 0.226 -0.044  0.895 0.406 0.066  1.525 -1.606 1.690
23-57-23-926   1.295 0.405 -0.765  0.761 0.220 -0.044  0.889 0.397 0.066  1.525 -1.617 1.690
23-57-23-947   1.284 0.391 -0.766  0.750 0.206 -0.045  0.884 0.387 0.067  1.525 -1.628 1.691
23-57-23-968   1.272 0.377 -0.767  0.738 0.192 -0.046  0.879 0.378 0.067  1.525 -1.639 1.691
23-57-23-989   1.260 0.362 -0.767  0.726 0.177 -0.047  0.873 0.369 0.068  1.525 -1.649 1.692
23-57-24-10   1.248 0.347 -0.768  0.720 0.169 -0.047  0.868 0.360 0.069  1.524 -1.660 1.692
23-57-24-10   1.248 0.347 -0.768  0.714 0.162 -0.047  0.862 0.352 0.069  1.524 -1.669 1.693
23-57-24-31   1.236 0.334 -0.768  0.702 0.148 -0.048  0.857 0.345 0.069  1.523 -1.678 1.693
23-57-24-52   1.225 0.321 -0.769  0.691 0.136 -0.048  0.852 0.337 0.070  1.522 -1.687 1.694
23-57-24-73   1.214 0.309 -0.769  0.680 0.124 -0.048  0.847 0.330 0.070  1.521 -1.696 1.694
23-57-24-92   1.208 0.304 -0.769  0.674 0.118 -0.049  0.842 0.324 0.070  1.520 -1.704 1.694
23-57-24-94   1.203 0.298 -0.769  0.669 0.112 -0.049  0.837 0.317 0.070  1.519 -1.713 1.694
23-57-24-115   1.193 0.287 -0.769  0.659 0.101 -0.048  0.832 0.310 0.070  1.517 -1.721 1.694
23-57-24-136   1.183 0.275 -0.769  0.649 0.089 -0.048  0.826 0.303 0.070  1.516 -1.730 1.693
23-57-24-158   1.173 0.263 -0.768  0.639 0.078 -0.047  0.821 0.296 0.069  1.515 -1.738 1.692
23-57-24-176   1.168 0.258 -0.767  0.639 0.078 -0.047  0.815 0.289 0.068  1.513 -1.747 1.692
23-57-24-178   1.162 0.252 -0.766  0.628 0.067 -0.046  0.809 0.282 0.067  1.511 -1.757 1.691
23-57-24-199   1.152 0.241 -0.765  0.618 0.056 -0.044  0.803 0.275 0.067  1.510 -1.765 1.690
23-57-24-220   1.141 0.231 -0.763  0.607 0.046 -0.042  0.797 0.268 0.066  1.507 -1.775 1.689
23-57-24-241   1.129 0.221 -0.761  0.595 0.035 -0.040  0.790 0.262 0.065  1.505 -1.784 1.689
23-57-24-260   1.122 0.216 -0.760  0.595 0.035 -0.040  0.783 0.255 0.064  1.503 -1.793 1.688
23-57-24-262   1.116 0.211 -0.759  0.582 0.025 -0.038  0.777 0.248 0.064  1.500 -1.802 1.687
23-57-24-283   1.104 0.202 -0.756  0.570 0.016 -0.036  0.769 0.241 0.063  1.497 -1.812 1.686
23-57-24-304   1.091 0.194 -0.754  0.557 0.008 -0.033  0.762 0.234 0.062  1.494 -1.821 1.685
23-57-24-325   1.078 0.186 -0.752  0.544 0.000 -0.031  0.754 0.228 0.061  1.490 -1.831 1.684
23-57-24-325   1.078 0.186 -0.752  0.544 0.000 -0.031  0.746 0.221 0.059  1.486 -1.841 1.683
23-57-24-346   1.063 0.178 -0.749  0.529 -0.008 -0.028  0.736 0.215 0.058  1.481 -1.851 1.682
23-57-24-367   1.048 0.170 -0.746  0.514 -0.015 -0.025  0.728 0.208 0.057  1.477 -1.860 1.681
23-57-24-388   1.033 0.163 -0.743  0.499 -0.023 -0.022  0.718 0.202 0.056  1.472 -1.871 1.679
23-57-24-409   1.019 0.156 -0.740  0.485 -0.030 -0.019  0.709 0.196 0.054  1.467 -1.881 1.678
23-57-24-409   1.019 0.156 -0.740  0.485 -0.030 -0.019  0.700 0.189 0.052  1.462 -1.891 1.676
23-57-24-430   1.005 0.149 -0.736  0.471 -0.036 -0.016  0.690 0.183 0.050  1.456 -1.901 1.674
23-57-24-451   0.991 0.142 -0.732  0.457 -0.043 -0.011  0.680 0.177 0.049  1.451 -1.911 1.673
23-57-24-472   0.977 0.138 -0.726  0.443 -0.047 -0.006  0.670 0.171 0.048  1.444 -1.921 1.672
23-57-24-493   0.962 0.134 -0.721  0.436 -0.050 -0.003  0.658 0.165 0.048  1.438 -1.932 1.672
23-57-24-493   0.962 0.134 -0.721  0.428 -0.052 0.000  0.647 0.159 0.049  1.431 -1.944 1.672
23-57-24-514   0.948 0.126 -0.729  0.414 -0.059 -0.008  0.635 0.152 0.049  1.424 -1.955 1.672
23-57-24-535   0.940 0.121 -0.733  0.406 -0.065 -0.013  0.624 0.146 0.049  1.417 -1.966 1.673
23-57-24-556   0.933 0.118 -0.735  0.399 -0.067 -0.014  0.613 0.140 0.049  1.410 -1.976 1.673
23-57-24-577   0.928 0.114 -0.735  0.397 -0.069 -0.014  0.602 0.135 0.048  1.403 -1.986 1.672
23-57-24-577   0.928 0.114 -0.735  0.394 -0.071 -0.015  0.592 0.130 0.048  1.397 -1.996 1.672
23-57-24-598   0.920 0.109 -0.737  0.386 -0.077 -0.016  0.581 0.124 0.049  1.391 -2.006 1.672
23-57-24-619   0.910 0.102 -0.738  0.376 -0.083 -0.017  0.571 0.118 0.049  1.385 -2.016 1.672
23-57-24-640   0.899 0.095 -0.739  0.365 -0.091 -0.019  0.562 0.113 0.049  1.379 -2.025 1.672
23-57-24-659   0.892 0.091 -0.740  0.358 -0.094 -0.020  0.552 0.107 0.049  1.374 -2.035 1.672
23-57-24-661   0.884 0.086 -0.742  0.350 -0.099 -0.021  0.543 0.101 0.049  1.369 -2.044 1.672
23-57-24-681   0.871 0.079 -0.744  0.337 -0.107 -0.024  0.535 0.095 0.049  1.364 -2.054 1.672
23-57-24-703   0.858 0.071 -0.747  0.324 -0.114 -0.026  0.526 0.089 0.049  1.360 -2.063 1.672
23-57-24-724   0.845 0.064 -0.748  0.311 -0.122 -0.028  0.519 0.083 0.049  1.356 -2.072 1.673
23-57-24-743   0.839 0.060 -0.749  0.311 -0.122 -0.028  0.512 0.077 0.049  1.353 -2.081 1.673
23-57-24-745   0.833 0.056 -0.750  0.299 -0.130 -0.029  0.504 0.071 0.050  1.350 -2.090 1.674
23-57-24-765   0.821 0.048 -0.751  0.287 -0.137 -0.030  0.497 0.065 0.050  1.347 -2.099 1.674
23-57-24-787   0.809 0.041 -0.752  0.275 -0.145 -0.032  0.490 0.059 0.050  1.343 -2.107 1.674
23-57-24-808   0.798 0.035 -0.754  0.264 -0.151 -0.033  0.483 0.053 0.050  1.340 -2.116 1.674
23-57-24-808   0.798 0.035 -0.754  0.264 -0.151 -0.033  0.476 0.047 0.050  1.336 -2.125 1.674
23-57-24-829   0.787 0.029 -0.755  0.253 -0.157 -0.034  0.469 0.041 0.050  1.334 -2.134 1.674
23-57-24-849   0.773 0.021 -0.757  0.239 -0.165 -0.036  0.461 0.035 0.050  1.330 -2.143 1.673
23-57-24-870   0.760 0.013 -0.759  0.226 -0.172 -0.039  0.454 0.029 0.049  1.326 -2.151 1.673
23-57-24-891   0.748 0.006 -0.761  0.214 -0.180 -0.041  0.448 0.023 0.049  1.324 -2.160 1.673
23-57-24-891   0.748 0.006 -0.761  0.214 -0.180 -0.041  0.441 0.016 0.049  1.321 -2.169 1.673
23-57-24-913   0.733 -0.003 -0.762  0.199 -0.189 -0.041  0.433 0.010 0.049  1.318 -2.178 1.672
23-57-24-933   0.717 -0.015 -0.762  0.183 -0.201 -0.041  0.427 0.004 0.048  1.315 -2.187 1.672
23-57-24-954   0.699 -0.029 -0.761  0.165 -0.215 -0.040  0.420 -0.002 0.048  1.312 -2.195 1.672
23-57-24-975   0.682 -0.043 -0.759  0.148 -0.228 -0.038  0.414 -0.009 0.048  1.310 -2.204 1.672
23-57-24-975   0.682 -0.043 -0.759  0.148 -0.228 -0.038  0.408 -0.016 0.048  1.308 -2.213 1.672
23-57-24-996   0.665 -0.056 -0.757  0.131 -0.242 -0.036  0.402 -0.022 0.048  1.306 -2.221 1.671
23-57-25-17   0.650 -0.069 -0.755  0.116 -0.255 -0.034  0.396 -0.029 0.047  1.304 -2.231 1.671
23-57-25-38   0.635 -0.082 -0.753  0.101 -0.268 -0.032  0.390 -0.036 0.046  1.302 -2.239 1.670
23-57-25-59   0.622 -0.095 -0.751  0.088 -0.280 -0.030  0.384 -0.044 0.046  1.301 -2.249 1.669
23-57-25-59   0.622 -0.095 -0.751  0.088 -0.280 -0.030  0.384 -0.044 0.046  1.301 -2.249 1.669
23-57-25-80   0.609 -0.106 -0.750  0.075 -0.292 -0.029  0.384 -0.044 0.046  1.301 -2.249 1.669
23-57-25-101   0.597 -0.117 -0.748  0.063 -0.303 -0.028  0.384 -0.044 0.046  1.301 -2.249 1.669
23-57-25-122   0.586 -0.129 -0.747  0.052 -0.314 -0.026  0.384 -0.044 0.046  1.301 -2.249 1.669
23-57-25-143   0.574 -0.140 -0.745  0.046 -0.320 -0.025  0.356 -0.083 0.041  1.296 -2.297 1.665
23-57-25-143   0.574 -0.140 -0.745  0.040 -0.326 -0.024  0.356 -0.083 0.041  1.296 -2.297 1.665
23-57-25-164   0.562 -0.151 -0.743  0.028 -0.337 -0.023  0.356 -0.083 0.041  1.296 -2.297 1.665
23-57-25-185   0.546 -0.161 -0.742  0.012 -0.347 -0.021  0.339 -0.108 0.044  1.293 -2.327 1.668
23-57-25-207   0.530 -0.171 -0.743  -0.004 -0.356 -0.022  0.339 -0.108 0.044  1.293 -2.327 1.668
23-57-25-225   0.520 -0.176 -0.743  -0.014 -0.361 -0.022  0.339 -0.108 0.044  1.293 -2.327 1.668
23-57-25-227   0.512 -0.181 -0.743  -0.022 -0.367 -0.022  0.339 -0.108 0.044  1.293 -2.327 1.668
23-57-25-248   0.497 -0.192 -0.744  -0.037 -0.378 -0.023  0.339 -0.108 0.044  1.293 -2.327 1.668
23-57-25-269   0.481 -0.204 -0.747  -0.053 -0.390 -0.026  0.339 -0.108 0.044  1.293 -2.327 1.668
23-57-25-290   0.464 -0.218 -0.750  -0.070 -0.403 -0.029  0.339 -0.108 0.044  1.293 -2.327 1.668
