Sensor ID 	electronic compass(calibrate data)x	y	z	
161						-0.619452	0.863533	-0.468858
161						-0.700861	0.437069	-0.48801
161						-0.700861	0.437069	-0.48801
161						-0.700861	0.437069	-0.48801
161						-0.529495	0.0420016	-0.277346
161						-0.529495	0.0420016	-0.277346
161						-0.529495	0.0420016	-0.277346
161						-0.54616	-0.170889	-0.315649
161						-0.54616	-0.170889	-0.315649
161						-0.54616	-0.170889	-0.315649
161						-0.603436	-0.236878	-0.507161
161						-0.603436	-0.236878	-0.507161
161						-0.603436	-0.236878	-0.507161
161						-0.617951	-0.0509584	-0.353951
161						-0.617951	-0.0509584	-0.353951
161						-0.617951	-0.0509584	-0.353951
161						-0.505596	0.581688	-0.449707
161						-0.505596	0.581688	-0.449707
161						-0.505596	0.581688	-0.449707
161						-0.28009	0.599668	-0.526312
161						-0.28009	0.599668	-0.526312
161						-0.28009	0.599668	-0.526312
161						-0.18254	0.597159	-0.315649
161						-0.18254	0.597159	-0.315649
161						-0.18254	0.597159	-0.315649
161						-0.179359	0.598756	-0.449707
161						-0.179359	0.598756	-0.449707
161						-0.179359	0.598756	-0.449707
161						-0.288678	0.547552	-0.449707
161						-0.288678	0.547552	-0.449707
161						-0.288678	0.547552	-0.449707
161						-0.216894	0.547552	-0.449707
161						-0.216894	0.547552	-0.449707
161						-0.216894	0.547552	-0.449707
161						-0.229558	0.589994	-0.430556
161						-0.229558	0.589994	-0.430556
161						-0.229558	0.589994	-0.430556
161						-0.248016	0.530485	-0.449707
161						-0.248016	0.530485	-0.449707
161						-0.248016	0.530485	-0.449707
161						-0.446793	0.34274	-0.449707
161						-0.446793	0.34274	-0.449707
161						-0.446793	0.34274	-0.449707
161						-0.859187	0.0906021	-0.775278
161						-0.859187	0.0906021	-0.775278
161						-0.859187	0.0906021	-0.775278
161						-0.903579	-0.0560704	-0.64122
161						-0.903579	-0.0560704	-0.64122
161						-0.903579	-0.0560704	-0.64122
161						-0.880978	-0.261111	-0.622068
161						-0.880978	-0.261111	-0.622068
161						-0.880978	-0.261111	-0.622068
161						-0.85972	-0.371367	-0.679522
161						-0.85972	-0.371367	-0.679522
161						-0.85972	-0.371367	-0.679522
161						-0.757701	-0.378076	-0.832732
161						-0.757701	-0.378076	-0.832732
161						-0.757701	-0.378076	-0.832732
161						-0.789436	-0.447259	-0.756127
161						-0.789436	-0.447259	-0.756127
161						-0.789436	-0.447259	-0.756127
161						-0.928654	-0.411299	-0.909337
161						-0.928654	-0.411299	-0.909337
161						-0.81611	-0.207627	-0.813581
161						-0.81611	-0.207627	-0.813581
161						-0.81611	-0.207627	-0.813581
161						-0.918034	0.079787	-0.583766
161						-0.918034	0.079787	-0.583766
161						-0.918034	0.079787	-0.583766
161						-0.830149	0.43036	-0.64122
161						-0.830149	0.43036	-0.64122
161						-0.830149	0.43036	-0.64122
161						-0.646996	0.719598	-0.564615
161						-0.646996	0.719598	-0.564615
161						-0.646996	0.719598	-0.564615
161						-0.478509	0.90415	-0.296497
161						-0.478509	0.90415	-0.296497
161						-0.478509	0.90415	-0.296497
161						-0.117644	1.10134	-0.373102
161						-0.117644	1.10134	-0.373102
161						-0.0204243	1.0573	-0.258195
161						-0.0204243	1.0573	-0.258195
161						-0.0204243	1.0573	-0.258195
161						0.240781	1.06903	-0.526312
161						0.240781	1.06903	-0.526312
161						0.240781	1.06903	-0.526312
161						0.339281	1.04024	-0.258195
161						0.339281	1.04024	-0.258195
161						0.339281	1.04024	-0.258195
161						0.592567	0.962974	-0.219892
161						0.592567	0.962974	-0.219892
161						0.592567	0.962974	-0.219892
161						0.798063	0.71572	-0.239044
161						0.798063	0.71572	-0.239044
161						0.798063	0.71572	-0.239044
161						0.894728	0.629469	-0.162439
161						0.894728	0.629469	-0.162439
161						0.894728	0.629469	-0.162439
161						0.949284	0.554261	-0.296497
161						0.949284	0.554261	-0.296497
161						0.949284	0.554261	-0.296497
161						0.975832	0.534684	-0.0858338
161						0.975832	0.534684	-0.0858338
161						0.975832	0.534684	-0.0858338
161						0.869863	0.415895	-0.143288
161						0.869863	0.415895	-0.143288
161						0.869863	0.415895	-0.143288
161						0.875321	0.596246	-0.239044
161						0.875321	0.596246	-0.239044
161						0.875321	0.596246	-0.239044
161						0.68288	0.792525	-0.239044
161						0.68288	0.792525	-0.239044
161						0.68288	0.792525	-0.239044
161						0.539471	0.903237	-0.219892
161						0.539471	0.903237	-0.219892
161						0.539471	0.903237	-0.219892
161						0.301803	0.998935	-0.373102
161						0.301803	0.998935	-0.373102
161						0.301803	0.998935	-0.373102
161						0.0624606	1.049	-0.277346
161						0.0624606	1.049	-0.277346
161						0.0624606	1.049	-0.277346
161						-0.114908	1.0416	-0.373102
161						-0.114908	1.0416	-0.373102
161						-0.114908	1.0416	-0.373102
161						-0.235447	1.09883	-0.162439
161						-0.235447	1.09883	-0.162439
161						-0.235447	1.09883	-0.162439
161						-0.367238	0.972649	-0.315649
161						-0.367238	0.972649	-0.315649
161						-0.367238	0.972649	-0.315649
161						-0.534342	0.90415	-0.296497
161						-0.534342	0.90415	-0.296497
161						-0.534342	0.90415	-0.296497
161						-0.683081	0.614455	-0.3348
161						-0.683081	0.614455	-0.3348
161						-0.683081	0.614455	-0.3348
161						-0.67326	0.590906	-0.507161
161						-0.67326	0.590906	-0.507161
161						-0.67326	0.590906	-0.507161
161						-0.802265	0.435928	-0.392254
161						-0.802265	0.435928	-0.392254
161						-0.802265	0.435928	-0.392254
161						-0.825228	0.208707	-0.660371
161						-0.825228	0.208707	-0.660371
161						-0.825228	0.208707	-0.660371
161						-0.883951	0.0378021	-0.64122
161						-0.883951	0.0378021	-0.64122
161						-0.883951	0.0378021	-0.64122
161						-0.869783	0.011288	-0.564615
161						-0.869783	0.011288	-0.564615
161						-0.869783	0.011288	-0.564615
161						-0.875795	-0.211277	-0.507161
161						-0.875795	-0.211277	-0.507161
161						-0.875795	-0.211277	-0.507161
161						-0.798875	-0.252349	-0.64122
161						-0.798875	-0.252349	-0.64122
161						-0.798875	-0.252349	-0.64122
161						-0.813534	-0.378076	-0.832732
161						-0.813534	-0.378076	-0.832732
161						-0.813534	-0.378076	-0.832732
161						-0.847459	-0.165414	-0.775278
161						-0.847459	-0.165414	-0.775278
161						-0.847459	-0.165414	-0.775278
161						-0.878431	0.00923487	-0.392254
161						-0.878431	0.00923487	-0.392254
161						-0.878431	0.00923487	-0.392254
161						-0.790713	0.369026	-0.507161
161						-0.790713	0.369026	-0.507161
161						-0.790713	0.369026	-0.507161
161						-0.645994	0.664289	-0.219892
161						-0.645994	0.664289	-0.219892
161						-0.645994	0.664289	-0.219892
161						-0.351674	0.921217	-0.296497
161						-0.351674	0.921217	-0.296497
161						-0.351674	0.921217	-0.296497
161						-0.192152	0.921217	-0.296497
161						-0.192152	0.921217	-0.296497
161						-0.192152	0.921217	-0.296497
161						-0.0353206	1.07186	-0.0475314
161						-0.0353206	1.07186	-0.0475314
161						-0.0353206	1.07186	-0.0475314
161						0.156619	0.903237	-0.219892
161						0.156619	0.903237	-0.219892
161						0.156619	0.903237	-0.219892
161						0.405271	0.938285	-0.296497
161						0.405271	0.938285	-0.296497
161						0.405271	0.938285	-0.296497
161						0.482522	0.83985	0.0865272
161						0.482522	0.83985	0.0865272
161						0.482522	0.83985	0.0865272
161						0.552024	0.781026	0.00992232
161						0.552024	0.781026	0.00992232
161						0.552024	0.781026	0.00992232
161						0.616394	0.703308	0.0865272
161						0.616394	0.703308	0.0865272
161						0.616394	0.703308	0.0865272
161						0.745688	0.590087	0.27804
161						0.745688	0.590087	0.27804
161						0.745688	0.590087	0.27804
161						0.717296	0.633212	0.239737
161						0.717296	0.633212	0.239737
161						0.717296	0.633212	0.239737
161						0.516996	0.789331	0.0290736
161						0.516996	0.789331	0.0290736
161						0.516996	0.789331	0.0290736
161						0.26354	0.935776	-0.0858338
161						0.26354	0.935776	-0.0858338
161						0.26354	0.935776	-0.0858338
161						-0.0614711	0.962974	-0.219892
161						-0.0614711	0.962974	-0.219892
161						-0.0614711	0.962974	-0.219892
161						-0.30354	0.892878	-0.0666826
161						-0.30354	0.892878	-0.0666826
161						-0.30354	0.892878	-0.0666826
161						-0.49792	0.832001	0.0290736
161						-0.49792	0.832001	0.0290736
161						-0.49792	0.832001	0.0290736
161						-0.664897	0.543446	-0.104985
161						-0.664897	0.543446	-0.104985
161						-0.664897	0.543446	-0.104985
161						-0.786307	0.217106	0.067376
161						-0.786307	0.217106	0.067376
161						-0.786307	0.217106	0.067376
161						-0.845206	0.235315	-0.0283801
161						-0.845206	0.235315	-0.0283801
161						-0.845206	0.235315	-0.0283801
161						-0.922334	0.0747682	-0.162439
161						-0.922334	0.0747682	-0.162439
161						-0.922334	0.0747682	-0.162439
161						-0.94781	-0.190922	-0.0666826
161						-0.94781	-0.190922	-0.0666826
161						-0.94781	-0.190922	-0.0666826
161						-0.921534	-0.30209	-0.0475314
161						-0.921534	-0.30209	-0.0475314
161						-0.921534	-0.30209	-0.0475314
161						-0.758888	-0.310396	-0.0666826
161						-0.758888	-0.310396	-0.0666826
161						-0.758888	-0.310396	-0.0666826
161						-0.778516	-0.404269	-0.0666826
161						-0.778516	-0.404269	-0.0666826
161						-0.778516	-0.404269	-0.0666826
161						-0.797649	-0.405865	0.067376
161						-0.797649	-0.405865	0.067376
161						-0.797649	-0.405865	0.067376
161						-0.814055	-0.287304	0.143981
161						-0.814055	-0.287304	0.143981
161						-0.814055	-0.287304	0.143981
161						-0.89834	-0.194116	0.201435
161						-0.89834	-0.194116	0.201435
161						-0.89834	-0.194116	0.201435
161						-0.786675	-0.194116	0.201435
161						-0.786675	-0.194116	0.201435
161						-0.786675	-0.194116	0.201435
161						-0.824601	-0.236785	0.201435
161						-0.824601	-0.236785	0.201435
161						-0.824601	-0.236785	0.201435
161						-0.856953	-0.238154	0.316342
161						-0.856953	-0.238154	0.316342
161						-0.856953	-0.238154	0.316342
161						-0.902524	-0.239295	0.412098
161						-0.902524	-0.239295	0.412098
161						-0.902524	-0.239295	0.412098
161						-0.80079	-0.196625	0.412098
161						-0.80079	-0.196625	0.412098
161						-0.80079	-0.196625	0.412098
161						-0.708589	-0.239751	0.450401
161						-0.708589	-0.239751	0.450401
161						-0.708589	-0.239751	0.450401
161						-0.753769	-0.249425	0.546157
161						-0.753769	-0.249425	0.546157
161						-0.753769	-0.249425	0.546157
161						-0.866319	-0.333167	0.412098
161						-0.866319	-0.333167	0.412098
161						-0.866319	-0.333167	0.412098
161						-0.695634	-0.4515	0.316342
161						-0.695634	-0.4515	0.316342
161						-0.695634	-0.4515	0.316342
161						-0.631479	-0.709797	0.507854
161						-0.631479	-0.709797	0.507854
161						-0.631479	-0.709797	0.507854
161						-0.42353	-0.868519	0.220586
161						-0.42353	-0.868519	0.220586
161						-0.42353	-0.868519	0.220586
161						-0.133983	-1.02975	0.143981
161						-0.133983	-1.02975	0.143981
161						-0.133983	-1.02975	0.143981
161						0.261363	-1.00301	0.0482248
161						0.261363	-1.00301	0.0482248
161						0.261363	-1.00301	0.0482248
161						0.306262	-1.00392	0.12483
161						0.306262	-1.00392	0.12483
161						0.306262	-1.00392	0.12483
161						0.399298	-0.994246	0.0290736
161						0.399298	-0.994246	0.0290736
161						0.399298	-0.994246	0.0290736
161						0.559542	-0.961251	0.12483
161						0.559542	-0.961251	0.12483
161						0.559542	-0.961251	0.12483
161						0.545084	-0.765428	0.163132
161						0.545084	-0.765428	0.163132
161						0.545084	-0.765428	0.163132
161						0.532877	-0.901514	0.12483
161						0.532877	-0.901514	0.12483
161						0.532877	-0.901514	0.12483
161						0.337271	-0.907766	-0.0666826
161						0.337271	-0.907766	-0.0666826
161						0.337271	-0.907766	-0.0666826
161						0.189294	-0.953629	0.201435
161						0.189294	-0.953629	0.201435
161						0.189294	-0.953629	0.201435
161						0.170606	-0.893892	0.201435
161						0.170606	-0.893892	0.201435
161						0.170606	-0.893892	0.201435
161						-0.0426268	-0.94578	0.258888
161						-0.0426268	-0.94578	0.258888
161						-0.0426268	-0.94578	0.258888
161						-0.0770942	-1.01519	0.354644
161						-0.0770942	-1.01519	0.354644
161						-0.0770942	-1.01519	0.354644
161						-0.303501	-0.817088	0.201435
161						-0.303501	-0.817088	0.201435
161						-0.303501	-0.817088	0.201435
161						-0.553676	-0.607163	0.488703
161						-0.553676	-0.607163	0.488703
161						-0.553676	-0.607163	0.488703
161						-0.724925	-0.351147	0.488703
161						-0.724925	-0.351147	0.488703
161						-0.724925	-0.351147	0.488703
161						-0.788854	-0.251022	0.680215
161						-0.788854	-0.251022	0.680215
161						-0.788854	-0.251022	0.680215
161						-0.842571	-0.182979	0.699367
161						-0.842571	-0.182979	0.699367
161						-0.842571	-0.182979	0.699367
161						-0.738832	-0.0531465	0.546157
161						-0.738832	-0.0531465	0.546157
161						-0.738832	-0.0531465	0.546157
161						-0.726329	-0.2063	0.507854
161						-0.726329	-0.2063	0.507854
161						-0.726329	-0.2063	0.507854
161						-0.702167	-0.385511	0.507854
161						-0.702167	-0.385511	0.507854
161						-0.702167	-0.385511	0.507854
161						-0.664175	-0.512834	0.450401
161						-0.664175	-0.512834	0.450401
161						-0.664175	-0.512834	0.450401
161						-0.532588	-0.648235	0.354644
161						-0.532588	-0.648235	0.354644
161						-0.532588	-0.648235	0.354644
161						-0.231717	-0.817088	0.201435
161						-0.231717	-0.817088	0.201435
161						-0.231717	-0.817088	0.201435
161						-0.137063	-0.870572	0.392947
161						-0.137063	-0.870572	0.392947
161						-0.137063	-0.870572	0.392947
161						0.0497411	-0.998124	0.354644
161						0.0497411	-0.998124	0.354644
161						0.0497411	-0.998124	0.354644
161						0.284392	-0.94578	0.258888
161						0.284392	-0.94578	0.258888
161						0.284392	-0.94578	0.258888
161						0.433873	-0.88399	0.0865272
161						0.433873	-0.88399	0.0865272
161						0.433873	-0.88399	0.0865272
161						0.582902	-0.763603	0.00992232
161						0.582902	-0.763603	0.00992232
161						0.582902	-0.763603	0.00992232
161						0.664842	-0.805588	-0.0475314
161						0.664842	-0.805588	-0.0475314
161						0.664842	-0.805588	-0.0475314
161						0.730993	-0.796826	-0.0666826
161						0.730993	-0.796826	-0.0666826
161						0.730993	-0.796826	-0.0666826
161						0.600134	-0.748361	0.163132
161						0.600134	-0.748361	0.163132
161						0.600134	-0.748361	0.163132
161						0.717604	-0.727415	-0.162439
161						0.717604	-0.727415	-0.162439
161						0.717604	-0.727415	-0.162439
161						0.645197	-0.698526	0.27804
161						0.645197	-0.698526	0.27804
161						0.645197	-0.698526	0.27804
161						0.844767	-0.608853	-0.0858338
161						0.844767	-0.608853	-0.0858338
161						0.844767	-0.608853	-0.0858338
161						0.801478	-0.551169	0.0865272
161						0.801478	-0.551169	0.0865272
161						0.801478	-0.551169	0.0865272
161						0.867623	-0.422477	0.0290736
161						0.867623	-0.422477	0.0290736
161						0.867623	-0.422477	0.0290736
161						0.866945	-0.3046	0.163132
161						0.866945	-0.3046	0.163132
161						0.866945	-0.3046	0.163132
161						0.840668	-0.193431	0.143981
161						0.840668	-0.193431	0.143981
161						0.840668	-0.193431	0.143981
161						0.891708	-0.2518	0.0290736
161						0.891708	-0.2518	0.0290736
161						0.891708	-0.2518	0.0290736
161						0.974196	-0.131641	-0.0283801
161						0.974196	-0.131641	-0.0283801
161						0.974196	-0.131641	-0.0283801
161						0.931749	-0.141088	0.0482248
161						0.931749	-0.141088	0.0482248
161						0.931749	-0.141088	0.0482248
161						0.911226	-0.237698	0.27804
161						0.911226	-0.237698	0.27804
161						0.911226	-0.237698	0.27804
161						0.984691	-0.311993	0.067376
161						0.984691	-0.311993	0.067376
161						0.984691	-0.311993	0.067376
161						1.06161	-0.233135	-0.104985
161						1.06161	-0.233135	-0.104985
161						1.00761	-0.235645	0.105678
161						1.00761	-0.235645	0.105678
161						1.00761	-0.235645	0.105678
161						0.955784	-0.100243	0.201435
161						0.955784	-0.100243	0.201435
161						0.955784	-0.100243	0.201435
161						0.905138	-0.110374	0.335493
161						0.905138	-0.110374	0.335493
161						0.905138	-0.110374	0.335493
161						0.954164	-0.0760105	0.316342
161						0.954164	-0.0760105	0.316342
161						0.954164	-0.0760105	0.316342
161						0.95383	-0.0575741	0.201435
161						0.95383	-0.0575741	0.201435
161						0.95383	-0.0575741	0.201435
161						0.990249	0.0291333	0.0865272
161						0.990249	0.0291333	0.0865272
161						0.990249	0.0291333	0.0865272
161						0.846275	0.178637	0.431249
161						0.846275	0.178637	0.431249
161						0.846275	0.178637	0.431249
161						0.744919	0.367294	0.354644
161						0.744919	0.367294	0.354644
161						0.744919	0.367294	0.354644
161						0.790597	0.409279	0.412098
161						0.790597	0.409279	0.412098
161						0.790597	0.409279	0.412098
161						0.755064	0.505204	0.239737
161						0.755064	0.505204	0.239737
161						0.755064	0.505204	0.239737
161						0.676196	0.469016	0.412098
161						0.676196	0.469016	0.412098
161						0.676196	0.469016	0.412098
161						0.763885	0.378109	0.163132
161						0.763885	0.378109	0.163132
161						0.763885	0.378109	0.163132
161						0.807952	0.264431	0.392947
161						0.807952	0.264431	0.392947
161						0.807952	0.264431	0.392947
161						0.987352	-0.0218417	0.067376
161						0.987352	-0.0218417	0.067376
161						0.987352	-0.0218417	0.067376
161						0.810109	-0.348182	0.239737
161						0.810109	-0.348182	0.239737
161						0.810109	-0.348182	0.239737
161						0.688075	-0.486776	0.412098
161						0.688075	-0.486776	0.412098
161						0.688075	-0.486776	0.412098
161						0.574469	-0.683968	0.488703
161						0.574469	-0.683968	0.488703
161						0.574469	-0.683968	0.488703
161						0.467835	-0.82585	0.220586
161						0.467835	-0.82585	0.220586
161						0.467835	-0.82585	0.220586
161						0.127323	-0.956139	0.412098
161						0.127323	-0.956139	0.412098
161						0.127323	-0.956139	0.412098
161						-0.0281282	-0.930765	0.431249
161						-0.0281282	-0.930765	0.431249
161						-0.0637147	-0.904708	0.392947
161						-0.0637147	-0.904708	0.392947
161						-0.0637147	-0.904708	0.392947
161						-0.0979045	-0.903567	0.297191
161						-0.0979045	-0.903567	0.297191
161						-0.0979045	-0.903567	0.297191
161						-0.126127	-0.929625	0.335493
161						-0.126127	-0.929625	0.335493
161						-0.126127	-0.929625	0.335493
161						0.0517463	-0.91096	0.201435
161						0.0517463	-0.91096	0.201435
161						0.0517463	-0.91096	0.201435
161						0.098373	-0.895261	0.316342
161						0.098373	-0.895261	0.316342
161						0.098373	-0.895261	0.316342
161						0.0441011	-0.869431	0.297191
161						0.0441011	-0.869431	0.297191
161						0.0441011	-0.869431	0.297191
161						-0.0640519	-0.826306	0.258888
161						-0.0640519	-0.826306	0.258888
161						-0.0640519	-0.826306	0.258888
161						-0.100701	-0.793767	0.392947
161						-0.100701	-0.793767	0.392947
161						-0.100701	-0.793767	0.392947
161						-0.331001	-0.810151	0.335493
161						-0.331001	-0.810151	0.335493
161						-0.331001	-0.810151	0.335493
161						-0.347575	-0.682371	0.354644
161						-0.347575	-0.682371	0.354644
161						-0.347575	-0.682371	0.354644
161						-0.3648	-0.817544	0.239737
161						-0.3648	-0.817544	0.239737
161						-0.3648	-0.817544	0.239737
161						-0.439492	-0.688623	0.163132
161						-0.439492	-0.688623	0.163132
161						-0.439492	-0.688623	0.163132
161						-0.580057	-0.596804	0.335493
161						-0.580057	-0.596804	0.335493
161						-0.580057	-0.596804	0.335493
161						-0.698648	-0.462316	0.507854
161						-0.698648	-0.462316	0.507854
161						-0.698648	-0.462316	0.507854
161						-0.740771	-0.310303	0.641913
161						-0.740771	-0.310303	0.641913
161						-0.740771	-0.310303	0.641913
161						-0.73381	-0.114024	0.641913
161						-0.73381	-0.114024	0.641913
161						-0.73381	-0.114024	0.641913
161						-0.819271	0.0647307	0.680215
161						-0.819271	0.0647307	0.680215
161						-0.819271	0.0647307	0.680215
161						-0.738223	0.0589343	0.450401
161						-0.738223	0.0589343	0.450401
161						-0.738223	0.0589343	0.450401
161						-0.801033	0.0635901	0.775972
161						-0.801033	0.0635901	0.775972
161						-0.801033	0.0635901	0.775972
161						-0.706764	-0.00239956	0.584459
161						-0.706764	-0.00239956	0.584459
161						-0.706764	-0.00239956	0.584459
161						-0.840346	-0.0351662	0.469552
161						-0.840346	-0.0351662	0.469552
161						-0.840346	-0.0351662	0.469552
161						-0.760458	-0.255222	0.316342
161						-0.760458	-0.255222	0.316342
161						-0.760458	-0.255222	0.316342
161						-0.650565	-0.521596	0.469552
161						-0.650565	-0.521596	0.469552
161						-0.650565	-0.521596	0.469552
161						-0.520091	-0.681458	0.27804
161						-0.520091	-0.681458	0.27804
161						-0.520091	-0.681458	0.27804
161						-0.320235	-0.80002	0.201435
161						-0.320235	-0.80002	0.201435
161						-0.320235	-0.80002	0.201435
161						-0.520706	-0.673609	0.335493
161						-0.520706	-0.673609	0.335493
161						-0.520706	-0.673609	0.335493
161						-0.661949	-0.463912	0.641913
161						-0.661949	-0.463912	0.641913
161						-0.661949	-0.463912	0.641913
161						-0.735474	-0.240663	0.527006
161						-0.735474	-0.240663	0.527006
161						-0.735474	-0.240663	0.527006
161						-0.718857	-0.217571	0.737669
161						-0.718857	-0.217571	0.737669
161						-0.718857	-0.217571	0.737669
161						-0.633907	-0.188776	0.469552
161						-0.633907	-0.188776	0.469552
161						-0.633907	-0.188776	0.469552
161						-0.688945	-0.445704	0.546157
161						-0.688945	-0.445704	0.546157
161						-0.688945	-0.445704	0.546157
161						-0.466995	-0.621721	0.27804
161						-0.466995	-0.621721	0.27804
161						-0.466995	-0.621721	0.27804
161						-0.464873	-0.673609	0.335493
161						-0.464873	-0.673609	0.335493
161						-0.464873	-0.673609	0.335493
161						-0.559149	-0.487689	0.488703
161						-0.559149	-0.487689	0.488703
161						-0.559149	-0.487689	0.488703
161						-0.708358	-0.358997	0.431249
161						-0.708358	-0.358997	0.431249
161						-0.708358	-0.358997	0.431249
161						-0.713725	-0.198678	0.584459
161						-0.713725	-0.198678	0.584459
161						-0.713725	-0.198678	0.584459
161						-0.779876	-0.20744	0.603611
161						-0.779876	-0.20744	0.603611
161						-0.779876	-0.20744	0.603611
161						-0.891374	-0.216659	0.661064
161						-0.891374	-0.216659	0.661064
161						-0.891374	-0.216659	0.661064
161						-1.2177	-0.41554	0.163132
161						-1.2177	-0.41554	0.163132
161						-1.2177	-0.41554	0.163132
161						-1.17503	-0.405409	0.0290736
161						-1.17503	-0.405409	0.0290736
161						-1.17503	-0.405409	0.0290736
161						-1.21625	-0.370589	-0.0283801
161						-1.21625	-0.370589	-0.0283801
161						-1.20756	-0.277629	0.0482248
161						-1.20756	-0.277629	0.0482248
161						-1.20756	-0.277629	0.0482248
161						-0.985021	-0.179557	0.412098
161						-0.985021	-0.179557	0.412098
161						-0.985021	-0.179557	0.412098
161						-0.827508	-0.206756	0.546157
161						-0.827508	-0.206756	0.546157
161						-0.827508	-0.206756	0.546157
161						-0.796108	-0.119136	0.354644
161						-0.796108	-0.119136	0.354644
161						-0.796108	-0.119136	0.354644
161						-0.80933	-0.0589428	0.316342
161						-0.80933	-0.0589428	0.316342
161						-0.80933	-0.0589428	0.316342
161						-0.796108	-0.119136	0.354644
161						-0.796108	-0.119136	0.354644
161						-0.796108	-0.119136	0.354644
161						-0.814633	-0.00865216	0.392947
161						-0.814633	-0.00865216	0.392947
161						-0.814633	-0.00865216	0.392947
161						-0.792596	-0.0760105	0.316342
161						-0.792596	-0.0760105	0.316342
161						-0.792596	-0.0760105	0.316342
161						-0.830648	0.101376	0.469552
161						-0.830648	0.101376	0.469552
161						-0.830648	0.101376	0.469552
161						-0.820163	0.100919	0.507854
161						-0.820163	0.100919	0.507854
161						-0.820163	0.100919	0.507854
161						-0.822284	0.152807	0.450401
161						-0.822284	0.152807	0.450401
161						-0.822284	0.152807	0.450401
161						-0.815869	0.126977	0.469552
161						-0.815869	0.126977	0.469552
161						-0.815869	0.126977	0.469552
161						-0.791383	0.109225	0.527006
161						-0.791383	0.109225	0.527006
161						-0.791383	0.109225	0.527006
161						-0.744305	0.0663276	0.546157
161						-0.744305	0.0663276	0.546157
161						-0.744305	0.0663276	0.546157
161						-0.660825	0.311072	0.775972
161						-0.660825	0.311072	0.775972
161						-0.660825	0.311072	0.775972
161						-0.633	0.465594	0.699367
161						-0.633	0.465594	0.699367
161						-0.633	0.465594	0.699367
161						-0.61956	0.526015	0.641913
161						-0.61956	0.526015	0.641913
161						-0.61956	0.526015	0.641913
161						-0.453359	0.711707	0.814274
161						-0.453359	0.711707	0.814274
161						-0.453359	0.711707	0.814274
161						-0.280395	0.712163	0.775972
161						-0.280395	0.712163	0.775972
161						-0.280395	0.712163	0.775972
161						-0.185798	0.747668	0.661064
161						-0.185798	0.747668	0.661064
161						-0.185798	0.747668	0.661064
161						-0.0245957	0.673372	0.450401
161						-0.0245957	0.673372	0.450401
161						-0.0245957	0.673372	0.450401
161						-0.0609108	0.687474	0.699367
161						-0.0609108	0.687474	0.699367
161						-0.0609108	0.687474	0.699367
161						-0.175977	0.724119	0.488703
161						-0.175977	0.724119	0.488703
161						-0.175977	0.724119	0.488703
161						-0.224111	0.653567	0.680215
161						-0.224111	0.653567	0.680215
161						-0.224111	0.653567	0.680215
161						-0.288027	0.612723	0.527006
161						-0.288027	0.612723	0.527006
161						-0.288027	0.612723	0.527006
161						-0.494122	0.568	0.699367
161						-0.494122	0.568	0.699367
161						-0.494122	0.568	0.699367
161						-0.629264	0.509404	0.603611
161						-0.629264	0.509404	0.603611
161						-0.629264	0.509404	0.603611
161						-0.735059	0.261466	0.641913
161						-0.735059	0.261466	0.641913
161						-0.735059	0.261466	0.641913
161						-0.72322	0.0852203	0.392947
161						-0.72322	0.0852203	0.392947
161						-0.72322	0.0852203	0.392947
161						-0.763709	-0.0268605	0.488703
161						-0.763709	-0.0268605	0.488703
161						-0.763709	-0.0268605	0.488703
161						-0.762145	-0.060996	0.488703
161						-0.762145	-0.060996	0.488703
161						-0.762145	-0.060996	0.488703
161						-0.732583	-0.0697579	0.507854
161						-0.732583	-0.0697579	0.507854
161						-0.732583	-0.0697579	0.507854
161						-0.756512	-0.0697579	0.507854
161						-0.756512	-0.0697579	0.507854
161						-0.756512	-0.0697579	0.507854
161						-0.727662	-0.29141	0.488703
161						-0.727662	-0.29141	0.488703
161						-0.727662	-0.29141	0.488703
161						-0.769112	-0.137344	0.450401
161						-0.769112	-0.137344	0.450401
161						-0.769112	-0.137344	0.450401
161						-0.70549	0.132773	0.699367
161						-0.70549	0.132773	0.699367
161						-0.70549	0.132773	0.699367
161						-0.684652	0.471847	0.890879
161						-0.684652	0.471847	0.890879
161						-0.684652	0.471847	0.890879
161						-0.530043	0.513603	0.967484
161						-0.530043	0.513603	0.967484
161						-0.530043	0.513603	0.967484
161						-0.314915	0.671775	0.584459
161						-0.314915	0.671775	0.584459
161						-0.314915	0.671775	0.584459
161						-0.242463	0.634902	0.814274
161						-0.242463	0.634902	0.814274
161						-0.242463	0.634902	0.814274
161						-0.115961	0.670407	0.699367
161						-0.115961	0.670407	0.699367
161						-0.115961	0.670407	0.699367
161						-0.00195401	0.679169	0.680215
161						-0.00195401	0.679169	0.680215
161						-0.00195401	0.679169	0.680215
161						0.0640299	0.697149	0.603611
161						0.0640299	0.697149	0.603611
161						0.0640299	0.697149	0.603611
161						-0.0570078	0.722066	0.661064
161						-0.0570078	0.722066	0.661064
161						-0.0570078	0.722066	0.661064
161						-0.139278	0.722522	0.622762
161						-0.139278	0.722522	0.622762
161						-0.139278	0.722522	0.622762
161						-0.424459	0.619888	0.641913
161						-0.424459	0.619888	0.641913
161						-0.424459	0.619888	0.641913
161						-0.548558	0.543083	0.641913
161						-0.548558	0.543083	0.641913
161						-0.548558	0.543083	0.641913
161						-0.725522	0.287295	0.622762
161						-0.725522	0.287295	0.622762
161						-0.725522	0.287295	0.622762
161						-0.802981	0.0852203	0.392947
161						-0.802981	0.0852203	0.392947
161						-0.802981	0.0852203	0.392947
161						-0.781162	-0.102753	0.412098
161						-0.781162	-0.102753	0.412098
161						-0.781162	-0.102753	0.412098
161						-0.721029	-0.196625	0.412098
161						-0.721029	-0.196625	0.412098
161						-0.721029	-0.196625	0.412098
161						-0.682419	-0.391763	0.316342
161						-0.682419	-0.391763	0.316342
161						-0.682419	-0.391763	0.316342
161						-0.718292	-0.256362	0.412098
161						-0.718292	-0.256362	0.412098
161						-0.718292	-0.256362	0.412098
161						-0.753706	-0.359453	0.469552
161						-0.753706	-0.359453	0.469552
161						-0.753706	-0.359453	0.469552
161						-0.728444	-0.274342	0.488703
161						-0.728444	-0.274342	0.488703
161						-0.728444	-0.274342	0.488703
161						-0.779585	-0.376749	0.488703
161						-0.779585	-0.376749	0.488703
161						-0.779585	-0.376749	0.488703
161						-0.714774	-0.333167	0.412098
161						-0.714774	-0.333167	0.412098
161						-0.714774	-0.333167	0.412098
161						-0.715222	-0.334536	0.527006
161						-0.715222	-0.334536	0.527006
161						-0.715222	-0.334536	0.527006
161						-0.746291	-0.281736	0.392947
161						-0.746291	-0.281736	0.392947
161						-0.746291	-0.281736	0.392947
161						-0.773176	-0.282648	0.469552
161						-0.773176	-0.282648	0.469552
161						-0.773176	-0.282648	0.469552
161						-0.704122	-0.342841	0.507854
161						-0.704122	-0.342841	0.507854
161						-0.704122	-0.342841	0.507854
161						-0.715389	-0.325318	0.469552
161						-0.715389	-0.325318	0.469552
161						-0.715389	-0.325318	0.469552
161						-0.684266	-0.30825	0.469552
161						-0.684266	-0.30825	0.469552
161						-0.684266	-0.30825	0.469552
161						-0.757668	-0.343982	0.603611
161						-0.757668	-0.343982	0.603611
161						-0.757668	-0.343982	0.603611
161						-0.693964	-0.444792	0.469552
161						-0.693964	-0.444792	0.469552
161						-0.693964	-0.444792	0.469552
161						-0.664071	-0.412025	0.584459
161						-0.664071	-0.412025	0.584459
161						-0.664071	-0.412025	0.584459
161						-0.679966	-0.402122	0.469552
161						-0.679966	-0.402122	0.469552
161						-0.679966	-0.402122	0.469552
161						-0.736748	-0.375836	0.412098
161						-0.736748	-0.375836	0.412098
161						-0.736748	-0.375836	0.412098
161						-0.720067	-0.462772	0.546157
161						-0.720067	-0.462772	0.546157
161						-0.720067	-0.462772	0.546157
161						-0.622109	-0.67475	0.431249
161						-0.622109	-0.67475	0.431249
161						-0.622109	-0.67475	0.431249
161						-0.458288	-0.768622	0.431249
161						-0.458288	-0.768622	0.431249
161						-0.458288	-0.768622	0.431249
161						-0.311865	-0.868519	0.220586
161						-0.311865	-0.868519	0.220586
161						-0.311865	-0.868519	0.220586
161						-0.23835	-0.911873	0.27804
161						-0.23835	-0.911873	0.27804
161						-0.23835	-0.911873	0.27804
161						-0.0368762	-0.994702	0.067376
161						-0.0368762	-0.994702	0.067376
161						-0.0368762	-0.994702	0.067376
161						0.0138206	-0.953629	0.201435
161						0.0138206	-0.953629	0.201435
161						0.0138206	-0.953629	0.201435
161						0.176079	-1.01337	0.201435
161						0.176079	-1.01337	0.201435
161						0.176079	-1.01337	0.201435
161						0.370014	-1.01382	0.239737
161						0.370014	-1.01382	0.239737
161						0.370014	-1.01382	0.239737
161						0.358746	-0.996299	0.201435
161						0.358746	-0.996299	0.201435
161						0.358746	-0.996299	0.201435
161						0.488539	-0.978318	0.12483
161						0.488539	-0.978318	0.12483
161						0.488539	-0.978318	0.12483
161						0.387192	-0.969557	0.105678
161						0.387192	-0.969557	0.105678
161						0.387192	-0.969557	0.105678
161						0.30147	-1.06229	0.00992232
161						0.30147	-1.06229	0.00992232
161						0.388532	-1.00438	0.163132
161						0.388532	-1.00438	0.163132
161						0.388532	-1.00438	0.163132
161						0.439673	-0.90197	0.163132
161						0.439673	-0.90197	0.163132
161						0.439673	-0.90197	0.163132
161						0.359358	-0.944183	0.12483
161						0.359358	-0.944183	0.12483
161						0.359358	-0.944183	0.12483
161						0.502028	-0.886955	0.335493
161						0.502028	-0.886955	0.335493
161						0.502028	-0.886955	0.335493
161						0.704605	-0.765428	0.163132
161						0.704605	-0.765428	0.163132
161						0.704605	-0.765428	0.163132
161						0.755081	-0.686114	-0.0475314
161						0.755081	-0.686114	-0.0475314
161						0.755081	-0.686114	-0.0475314
161						0.890388	-0.576771	0.0865272
161						0.890388	-0.576771	0.0865272
161						0.890388	-0.576771	0.0865272
161						0.858811	-0.475277	0.163132
161						0.858811	-0.475277	0.163132
161						0.858811	-0.475277	0.163132
161						0.921774	-0.348182	0.239737
161						0.921774	-0.348182	0.239737
161						0.921774	-0.348182	0.239737
161						1.03762	-0.243038	0.00992232
161						1.03762	-0.243038	0.00992232
161						1.03762	-0.243038	0.00992232
161						0.924334	-0.218805	0.12483
161						0.924334	-0.218805	0.12483
161						0.924334	-0.218805	0.12483
161						0.866156	-0.167602	0.12483
161						0.866156	-0.167602	0.12483
161						0.866156	-0.167602	0.12483
161						0.982576	-0.380036	0.0482248
161						0.982576	-0.380036	0.0482248
161						0.982576	-0.380036	0.0482248
161						0.89797	-0.508272	0.067376
161						0.89797	-0.508272	0.067376
161						0.89797	-0.508272	0.067376
161						0.493658	-0.818456	0.316342
161						0.493658	-0.818456	0.316342
161						0.493658	-0.818456	0.316342
161						0.149691	-0.981969	0.431249
161						0.149691	-0.981969	0.431249
161						0.149691	-0.981969	0.431249
161						0.0436565	-0.930765	0.431249
161						0.0436565	-0.930765	0.431249
161						0.0436565	-0.930765	0.431249
161						-0.100197	-0.881387	0.584459
161						-0.100197	-0.881387	0.584459
161						-0.100197	-0.881387	0.584459
161						-0.148611	-0.863635	0.527006
161						-0.148611	-0.863635	0.527006
161						-0.148611	-0.863635	0.527006
161						-0.125856	-0.838034	0.527006
161						-0.125856	-0.838034	0.527006
161						-0.125856	-0.838034	0.527006
161						-0.260948	-0.865688	0.699367
161						-0.260948	-0.865688	0.699367
161						-0.260948	-0.865688	0.699367
161						-0.308691	-0.845883	0.469552
161						-0.308691	-0.845883	0.469552
161						-0.308691	-0.845883	0.469552
161						-0.230099	-0.880247	0.488703
161						-0.230099	-0.880247	0.488703
161						-0.230099	-0.880247	0.488703
161						-0.137618	-0.912785	0.354644
161						-0.137618	-0.912785	0.354644
161						-0.137618	-0.912785	0.354644
161						-0.264573	-0.829728	0.546157
161						-0.264573	-0.829728	0.546157
161						-0.264573	-0.829728	0.546157
161						-0.2412	-0.871941	0.507854
161						-0.2412	-0.871941	0.507854
161						-0.2412	-0.871941	0.507854
161						-0.203886	-0.881387	0.584459
161						-0.203886	-0.881387	0.584459
161						-0.203886	-0.881387	0.584459
161						-0.202552	-0.796277	0.603611
161						-0.202552	-0.796277	0.603611
161						-0.202552	-0.796277	0.603611
161						-0.274003	-0.814713	0.718518
161						-0.274003	-0.814713	0.718518
161						-0.274003	-0.814713	0.718518
161						-0.153359	-0.771131	0.641913
161						-0.153359	-0.771131	0.641913
161						-0.153359	-0.771131	0.641913
161						-0.175333	-0.813801	0.641913
161						-0.175333	-0.813801	0.641913
161						-0.175333	-0.813801	0.641913
161						-0.183697	-0.865232	0.661064
161						-0.183697	-0.865232	0.661064
161						-0.183697	-0.865232	0.661064
161						-0.233895	-0.873994	0.680215
161						-0.233895	-0.873994	0.680215
161						-0.233895	-0.873994	0.680215
161						-0.238637	-0.802529	0.412098
161						-0.238637	-0.802529	0.412098
161						-0.229932	-0.889465	0.546157
161						-0.229932	-0.889465	0.546157
161						-0.229932	-0.889465	0.546157
161						-0.282253	-0.846339	0.507854
161						-0.282253	-0.846339	0.507854
161						-0.282253	-0.846339	0.507854
161						-0.347071	-0.769991	0.546157
161						-0.347071	-0.769991	0.546157
161						-0.347071	-0.769991	0.546157
161						-0.525013	-0.558697	0.718518
161						-0.525013	-0.558697	0.718518
161						-0.525013	-0.558697	0.718518
161						-0.669264	-0.380855	0.833425
161						-0.669264	-0.380855	0.833425
161						-0.669264	-0.380855	0.833425
161						-0.739611	-0.194935	0.986635
161						-0.739611	-0.194935	0.986635
161						-0.739611	-0.194935	0.986635
161						-0.678088	-0.193795	0.890879
161						-0.678088	-0.193795	0.890879
161						-0.678088	-0.193795	0.890879
161						-0.867178	-0.0651022	0.833425
161						-0.867178	-0.0651022	0.833425
161						-0.867178	-0.0651022	0.833425
161						-0.892115	0.0112463	0.871728
161						-0.892115	0.0112463	0.871728
161						-0.892115	0.0112463	0.871728
161						-0.727458	-0.0298261	0.737669
161						-0.727458	-0.0298261	0.737669
161						-0.727458	-0.0298261	0.737669
161						-0.777215	-0.0161803	1.02494
161						-0.777215	-0.0161803	1.02494
161						-0.721544	-0.126892	1.00579
161						-0.721544	-0.126892	1.00579
161						-0.721544	-0.126892	1.00579
161						-0.774646	-0.0666991	0.967484
161						-0.774646	-0.0666991	0.967484
161						-0.774646	-0.0666991	0.967484
161						-0.700295	-0.0572527	0.890879
161						-0.700295	-0.0572527	0.890879
161						-0.700295	-0.0572527	0.890879
161						-0.692707	-0.108684	0.91003
161						-0.692707	-0.108684	0.91003
161						-0.692707	-0.108684	0.91003
161						-0.718536	0.00385304	0.775972
161						-0.718536	0.00385304	0.775972
161						-0.718536	0.00385304	0.775972
161						-0.714132	0.01079	0.91003
161						-0.714132	0.01079	0.91003
161						-0.714132	0.01079	0.91003
161						-0.737949	0.0905604	0.661064
161						-0.737949	0.0905604	0.661064
161						-0.737949	0.0905604	0.661064
161						-0.738394	0.0292265	0.795123
161						-0.738394	0.0292265	0.795123
161						-0.738394	0.0292265	0.795123
Sensor ID 	electronic compass(calibrate data)x	y	z	
161						-0.711474	0.478828	-0.303903
161						-0.711474	0.478828	-0.303903
161						-0.711474	0.478828	-0.303903
161						-0.729072	0.572044	-0.245305
161						-0.729072	0.572044	-0.245305
161						-0.729072	0.572044	-0.245305
161						-0.77021	0.517202	-0.538297
161						-0.77021	0.517202	-0.538297
161						-0.77021	0.517202	-0.538297
161						-0.749522	0.507044	-0.28437
161						-0.749522	0.507044	-0.28437
161						-0.749522	0.507044	-0.28437
161						-0.850227	0.534336	-0.538297
161						-0.850227	0.534336	-0.538297
161						-0.850227	0.534336	-0.538297
161						-0.754387	0.504068	-0.440633
161						-0.754387	0.504068	-0.440633
161						-0.754387	0.504068	-0.440633
161						-0.80148	0.564605	-0.635961
161						-0.80148	0.564605	-0.635961
161						-0.780224	0.496989	-0.362502
161						-0.780224	0.496989	-0.362502
161						-0.780224	0.496989	-0.362502
161						-0.85047	0.521203	-0.440633
161						-0.85047	0.521203	-0.440633
161						-0.85047	0.521203	-0.440633
161						-0.815635	0.492525	-0.596896
161						-0.815635	0.492525	-0.596896
161						-0.815635	0.492525	-0.596896
161						-0.744741	0.593744	-0.342969
161						-0.744741	0.593744	-0.342969
161						-0.744741	0.593744	-0.342969
161						-0.720555	0.59831	-0.440633
161						-0.720555	0.59831	-0.440633
161						-0.720555	0.59831	-0.440633
161						-0.826748	0.500067	-0.538297
161						-0.826748	0.500067	-0.538297
161						-0.826748	0.500067	-0.538297
161						-0.752824	0.502016	-0.323436
161						-0.752824	0.502016	-0.323436
161						-0.752824	0.502016	-0.323436
161						-0.807381	0.505094	-0.499232
161						-0.807381	0.505094	-0.499232
161						-0.807381	0.505094	-0.499232
161						-0.728174	0.532284	-0.4211
161						-0.728174	0.532284	-0.4211
161						-0.728174	0.532284	-0.4211
161						-0.72463	0.550445	-0.479699
161						-0.72463	0.550445	-0.479699
161						-0.72463	0.550445	-0.479699
161						-0.685395	0.499041	-0.479699
161						-0.685395	0.499041	-0.479699
161						-0.685395	0.499041	-0.479699
161						-0.772537	0.567016	-0.28437
161						-0.772537	0.567016	-0.28437
161						-0.772537	0.567016	-0.28437
161						-0.732545	0.646175	-0.401567
161						-0.732545	0.646175	-0.401567
161						-0.732545	0.646175	-0.401567
161						-0.6651	0.555473	-0.440633
161						-0.6651	0.555473	-0.440633
161						-0.6651	0.555473	-0.440633
161						-0.680701	0.581175	-0.440633
161						-0.680701	0.581175	-0.440633
161						-0.680701	0.581175	-0.440633
161						-0.654371	0.705121	-0.342969
161						-0.654371	0.705121	-0.342969
161						-0.654371	0.705121	-0.342969
161						-0.592157	0.680907	-0.264837
161						-0.592157	0.680907	-0.264837
161						-0.592157	0.680907	-0.264837
161						-0.605623	0.735389	-0.440633
161						-0.605623	0.735389	-0.440633
161						-0.605623	0.735389	-0.440633
161						-0.595012	0.789308	-0.4211
161						-0.595012	0.789308	-0.4211
161						-0.595012	0.789308	-0.4211
161						-0.484912	0.747958	-0.342969
161						-0.484912	0.747958	-0.342969
161						-0.484912	0.747958	-0.342969
161						-0.524766	0.765093	-0.342969
161						-0.524766	0.765093	-0.342969
161						-0.524766	0.765093	-0.342969
161						-0.518781	0.740879	-0.264837
161						-0.518781	0.740879	-0.264837
161						-0.518781	0.740879	-0.264837
161						-0.492222	0.699068	-0.323436
161						-0.492222	0.699068	-0.323436
161						-0.492222	0.699068	-0.323436
161						-0.480527	0.812958	-0.303903
161						-0.480527	0.812958	-0.303903
161						-0.480527	0.812958	-0.303903
161						-0.537065	0.795823	-0.303903
161						-0.537065	0.795823	-0.303903
161						-0.537065	0.795823	-0.303903
161						-0.468073	0.790796	-0.342969
161						-0.468073	0.790796	-0.342969
161						-0.468073	0.790796	-0.342969
161						-0.490056	0.819012	-0.323436
161						-0.490056	0.819012	-0.323436
161						-0.490056	0.819012	-0.323436
161						-0.345401	0.823013	-0.225772
161						-0.345401	0.823013	-0.225772
161						-0.345401	0.823013	-0.225772
161						-0.416797	0.783254	-0.401567
161						-0.416797	0.783254	-0.401567
161						-0.416797	0.783254	-0.401567
161						-0.443992	0.878522	-0.460166
161						-0.443992	0.878522	-0.460166
161						-0.443992	0.878522	-0.460166
161						-0.327046	0.860361	-0.401567
161						-0.327046	0.860361	-0.401567
161						-0.327046	0.860361	-0.401567
161						-0.356251	0.844252	-0.460166
161						-0.356251	0.844252	-0.460166
161						-0.356251	0.844252	-0.460166
161						-0.30123	0.866877	-0.28437
161						-0.30123	0.866877	-0.28437
161						-0.30123	0.866877	-0.28437
161						-0.286264	0.894631	-0.401567
161						-0.286264	0.894631	-0.401567
161						-0.286264	0.894631	-0.401567
161						-0.213644	0.824039	-0.28437
161						-0.213644	0.824039	-0.28437
161						-0.213644	0.824039	-0.28437
161						-0.222917	1.02212	-0.342969
161						-0.222917	1.02212	-0.342969
161						-0.222917	1.02212	-0.342969
161						-0.14637	0.812496	-0.440633
161						-0.14637	0.812496	-0.440633
161						-0.14637	0.812496	-0.440633
161						-0.188083	0.993439	-0.499232
161						-0.188083	0.993439	-0.499232
161						-0.188083	0.993439	-0.499232
161						-0.065637	0.924797	-0.167173
161						-0.065637	0.924797	-0.167173
161						-0.065637	0.924797	-0.167173
161						-0.035638	0.984307	-0.303903
161						-0.035638	0.984307	-0.303903
161						-0.035638	0.984307	-0.303903
161						-0.0205173	1.02063	-0.4211
161						-0.0205173	1.02063	-0.4211
161						-0.0250264	1.03823	-0.28437
161						-0.0250264	1.03823	-0.28437
161						-0.0250264	1.03823	-0.28437
161						-0.0716015	0.949575	-0.440633
161						-0.0716015	0.949575	-0.440633
161						-0.0716015	0.949575	-0.440633
161						0.0190139	0.807469	-0.479699
161						0.0190139	0.807469	-0.479699
161						0.0190139	0.807469	-0.479699
161						0.0687865	0.984307	-0.303903
161						0.0687865	0.984307	-0.303903
161						0.0687865	0.984307	-0.303903
161						0.122302	0.922385	-0.518764
161						0.122302	0.922385	-0.518764
161						0.122302	0.922385	-0.518764
161						0.274438	0.896119	-0.323436
161						0.274438	0.896119	-0.323436
161						0.274438	0.896119	-0.323436
161						0.268984	0.950037	-0.303903
161						0.268984	0.950037	-0.303903
161						0.268984	0.950037	-0.303903
161						0.505471	0.879907	-0.049976
161						0.505471	0.879907	-0.049976
161						0.505471	0.879907	-0.049976
161						0.648002	0.765093	-0.342969
161						0.648002	0.765093	-0.342969
161						0.648002	0.765093	-0.342969
161						0.748125	0.616369	-0.167173
161						0.748125	0.616369	-0.167173
161						0.748125	0.616369	-0.167173
161						0.772348	0.533772	-0.342969
161						0.772348	0.533772	-0.342969
161						0.772348	0.533772	-0.342969
161						0.800471	0.489909	-0.28437
161						0.800471	0.489909	-0.28437
161						0.800471	0.489909	-0.28437
161						0.973557	0.467182	-0.128107
161						0.973557	0.467182	-0.128107
161						0.973557	0.467182	-0.128107
161						0.884993	0.366887	-0.108575
161						0.884993	0.366887	-0.108575
161						0.884993	0.366887	-0.108575
161						0.903173	0.395103	-0.0890417
161						0.903173	0.395103	-0.0890417
161						0.903173	0.395103	-0.0890417
161						0.959991	0.338209	-0.264837
161						0.959991	0.338209	-0.264837
161						0.959991	0.338209	-0.264837
161						0.961709	0.344724	-0.14764
161						0.961709	0.344724	-0.14764
161						0.961709	0.344724	-0.14764
161						0.982454	0.247968	-0.167173
161						0.982454	0.247968	-0.167173
161						0.982454	0.247968	-0.167173
161						0.937974	0.18697	-0.108575
161						0.937974	0.18697	-0.108575
161						0.937974	0.18697	-0.108575
161						0.985655	0.0695399	-0.0890417
161						0.985655	0.0695399	-0.0890417
161						0.985655	0.0695399	-0.0890417
161						0.925661	0.03881	-0.128107
161						0.925661	0.03881	-0.128107
161						0.925661	0.03881	-0.128107
161						1.03318	-0.056458	-0.0695089
161						1.03318	-0.056458	-0.0695089
161						0.959947	-0.286753	-0.128107
161						0.959947	-0.286753	-0.128107
161						0.959947	-0.286753	-0.128107
161						0.918112	-0.289831	0.0476882
161						0.918112	-0.289831	0.0476882
161						0.918112	-0.289831	0.0476882
161						0.834286	-0.57348	-0.225772
161						0.834286	-0.57348	-0.225772
161						0.834286	-0.57348	-0.225772
161						0.681271	-0.861798	-0.0695089
161						0.681271	-0.861798	-0.0695089
161						0.681271	-0.861798	-0.0695089
161						0.657224	-0.77007	-0.0890417
161						0.657224	-0.77007	-0.0890417
161						0.657224	-0.77007	-0.0890417
161						0.554158	-0.872417	0.0476882
161						0.554158	-0.872417	0.0476882
161						0.554158	-0.872417	0.0476882
161						0.452386	-0.992823	-0.0890417
161						0.452386	-0.992823	-0.0890417
161						0.452386	-0.992823	-0.0890417
161						0.317327	-0.998877	-0.0695089
161						0.317327	-0.998877	-0.0695089
161						0.317327	-0.998877	-0.0695089
161						0.407162	-1.00549	0.145352
161						0.407162	-1.00549	0.145352
161						0.407162	-1.00549	0.145352
161						0.351677	-1.05382	-0.0304432
161						0.351677	-1.05382	-0.0304432
161						0.351677	-1.05382	-0.0304432
161						0.283701	-0.992823	-0.0890417
161						0.283701	-0.992823	-0.0890417
161						0.283701	-0.992823	-0.0890417
161						0.397943	-0.982306	0.12582
161						0.397943	-0.982306	0.12582
161						0.397943	-0.982306	0.12582
161						0.51078	-0.872879	-0.0890417
161						0.51078	-0.872879	-0.0890417
161						0.51078	-0.872879	-0.0890417
161						0.515682	-0.957066	-0.0109103
161						0.515682	-0.957066	-0.0109103
161						0.515682	-0.957066	-0.0109103
161						0.578256	-0.872417	0.0476882
161						0.578256	-0.872417	0.0476882
161						0.578256	-0.872417	0.0476882
161						0.638684	-0.907149	-0.0890417
161						0.638684	-0.907149	-0.0890417
161						0.638684	-0.907149	-0.0890417
161						0.672499	-0.725181	-0.206239
161						0.672499	-0.725181	-0.206239
161						0.672499	-0.725181	-0.206239
161						0.798886	-0.753961	-0.0304432
161						0.798886	-0.753961	-0.0304432
161						0.798886	-0.753961	-0.0304432
161						0.945468	-0.554858	-0.14764
161						0.945468	-0.554858	-0.14764
161						0.945468	-0.554858	-0.14764
161						0.983167	-0.24643	-0.14764
161						0.983167	-0.24643	-0.14764
161						0.983167	-0.24643	-0.14764
161						1.03344	0.135566	-0.108575
161						1.03344	0.135566	-0.108575
161						1.03344	0.135566	-0.108575
161						0.906993	0.250944	-0.0109103
161						0.906993	0.250944	-0.0109103
161						0.906993	0.250944	-0.0109103
161						0.941908	0.405158	-0.0109103
161						0.941908	0.405158	-0.0109103
161						0.941908	0.405158	-0.0109103
161						0.897235	0.422755	0.12582
161						0.897235	0.422755	0.12582
161						0.897235	0.422755	0.12582
161						0.836104	0.506941	0.0476882
161						0.836104	0.506941	0.0476882
161						0.836104	0.506941	0.0476882
161						0.788954	0.654076	0.12582
161						0.788954	0.654076	0.12582
161						0.788954	0.654076	0.12582
161						0.73744	0.736775	-0.0304432
161						0.73744	0.736775	-0.0304432
161						0.73744	0.736775	-0.0304432
161						0.672318	0.689372	0.0672211
161						0.672318	0.689372	0.0672211
161						0.672318	0.689372	0.0672211
161						0.687556	0.821423	0.0281554
161						0.687556	0.821423	0.0281554
161						0.687556	0.821423	0.0281554
161						0.7243	0.720666	-0.0890417
161						0.7243	0.720666	-0.0890417
161						0.7243	0.720666	-0.0890417
161						0.735221	0.791719	-0.0695089
161						0.735221	0.791719	-0.0695089
161						0.735221	0.791719	-0.0695089
161						0.605239	0.710611	-0.167173
161						0.605239	0.710611	-0.167173
161						0.605239	0.710611	-0.167173
161						0.511389	0.851691	-0.0695089
161						0.511389	0.851691	-0.0695089
161						0.511389	0.851691	-0.0695089
161						0.543557	0.764529	-0.14764
161						0.543557	0.764529	-0.14764
161						0.543557	0.764529	-0.14764
161						0.586793	0.935314	0.0476882
161						0.586793	0.935314	0.0476882
161						0.586793	0.935314	0.0476882
161						0.383811	0.815369	0.0476882
161						0.383811	0.815369	0.0476882
161						0.383811	0.815369	0.0476882
161						0.295523	0.907662	-0.167173
161						0.295523	0.907662	-0.167173
161						0.295523	0.907662	-0.167173
161						0.268258	0.910637	-0.0109103
161						0.268258	0.910637	-0.0109103
161						0.268258	0.910637	-0.0109103
161						0.0887889	0.935878	-0.14764
161						0.0887889	0.935878	-0.14764
161						0.0887889	0.935878	-0.14764
161						-0.00616421	1.01642	0.145352
161						-0.00616421	1.01642	0.145352
161						-0.00616421	1.01642	0.145352
161						-0.219687	0.934852	-0.0890417
161						-0.219687	0.934852	-0.0890417
161						-0.219687	0.934852	-0.0890417
161						-0.227393	0.86426	0.0281554
161						-0.227393	0.86426	0.0281554
161						-0.227393	0.86426	0.0281554
161						-0.293857	0.831478	0.106287
161						-0.293857	0.831478	0.106287
161						-0.293857	0.831478	0.106287
161						-0.340072	0.851691	-0.0695089
161						-0.340072	0.851691	-0.0695089
161						-0.340072	0.851691	-0.0695089
161						-0.350704	0.797209	0.106287
161						-0.350704	0.797209	0.106287
161						-0.350704	0.797209	0.106287
161						-0.513075	0.790693	-0.0109103
161						-0.513075	0.790693	-0.0109103
161						-0.513075	0.790693	-0.0109103
161						-0.501586	0.804288	0.0281554
161						-0.501586	0.804288	0.0281554
161						-0.501586	0.804288	0.0281554
161						-0.524443	0.606211	0.0867539
161						-0.524443	0.606211	0.0867539
161						-0.524443	0.606211	0.0867539
161						-0.549611	0.725129	0.145352
161						-0.549611	0.725129	0.145352
161						-0.549611	0.725129	0.145352
161						-0.522211	0.730157	0.184418
161						-0.522211	0.730157	0.184418
161						-0.522211	0.730157	0.184418
161						-0.497891	0.742726	0.282082
161						-0.497891	0.742726	0.282082
161						-0.497891	0.742726	0.282082
161						-0.52899	0.71097	0.301615
161						-0.52899	0.71097	0.301615
161						-0.52899	0.71097	0.301615
161						-0.563131	0.599593	0.301615
161						-0.563131	0.599593	0.301615
161						-0.563131	0.599593	0.301615
161						-0.598429	0.602569	0.457878
161						-0.598429	0.602569	0.457878
161						-0.598429	0.602569	0.457878
161						-0.617729	0.601543	0.516477
161						-0.617729	0.601543	0.516477
161						-0.617729	0.601543	0.516477
161						-0.628186	0.556192	0.496944
161						-0.628186	0.556192	0.496944
161						-0.628186	0.556192	0.496944
161						-0.521078	0.526949	0.536009
161						-0.521078	0.526949	0.536009
161						-0.521078	0.526949	0.536009
161						-0.661729	0.47852	0.692272
161						-0.661729	0.47852	0.692272
161						-0.661729	0.47852	0.692272
161						-0.668141	0.38987	0.536009
161						-0.668141	0.38987	0.536009
161						-0.668141	0.38987	0.536009
161						-0.627978	0.38987	0.536009
161						-0.627978	0.38987	0.536009
161						-0.627978	0.38987	0.536009
161						-0.660969	0.342467	0.633674
161						-0.660969	0.342467	0.633674
161						-0.660969	0.342467	0.633674
161						-0.748538	0.297578	0.750871
161						-0.748538	0.297578	0.750871
161						-0.748538	0.297578	0.750871
161						-0.716371	0.210416	0.672739
161						-0.716371	0.210416	0.672739
161						-0.716371	0.210416	0.672739
161						-0.632763	0.214879	0.907134
161						-0.632763	0.214879	0.907134
161						-0.632763	0.214879	0.907134
161						-0.598053	0.268798	0.926666
161						-0.598053	0.268798	0.926666
161						-0.598053	0.268798	0.926666
161						-0.66762	-0.0259329	0.633674
161						-0.66762	-0.0259329	0.633674
161						-0.66762	-0.0259329	0.633674
161						-0.714444	0.0506099	0.829002
161						-0.714444	0.0506099	0.829002
161						-0.714444	0.0506099	0.829002
161						-0.722712	-0.14085	0.672739
161						-0.722712	-0.14085	0.672739
161						-0.722712	-0.14085	0.672739
161						-0.695518	-0.236117	0.731338
161						-0.695518	-0.236117	0.731338
161						-0.695518	-0.236117	0.731338
161						-0.682569	-0.141414	0.868068
161						-0.682569	-0.141414	0.868068
161						-0.682569	-0.141414	0.868068
161						-0.620799	-0.190766	0.750871
161						-0.620799	-0.190766	0.750871
161						-0.620799	-0.190766	0.750871
161						-0.700787	-0.0824677	0.926666
161						-0.700787	-0.0824677	0.926666
161						-0.700787	-0.0824677	0.926666
161						-0.660963	-0.190766	0.750871
161						-0.660963	-0.190766	0.750871
161						-0.660963	-0.190766	0.750871
161						-0.709881	-0.141876	0.731338
161						-0.709881	-0.141876	0.731338
161						-0.709881	-0.141876	0.731338
161						-0.628331	-0.252226	0.672739
161						-0.628331	-0.252226	0.672739
161						-0.628331	-0.252226	0.672739
161						-0.615329	-0.332411	0.848535
161						-0.615329	-0.332411	0.848535
161						-0.615329	-0.332411	0.848535
161						-0.641454	-0.356062	0.731338
161						-0.641454	-0.356062	0.731338
161						-0.641454	-0.356062	0.731338
161						-0.665912	-0.464925	0.750871
161						-0.665912	-0.464925	0.750871
161						-0.665912	-0.464925	0.750871
161						-0.558784	-0.493603	0.594608
161						-0.558784	-0.493603	0.594608
161						-0.558784	-0.493603	0.594608
161						-0.597848	-0.521357	0.711805
161						-0.597848	-0.521357	0.711805
161						-0.597848	-0.521357	0.711805
161						-0.641999	-0.564656	0.575075
161						-0.641999	-0.564656	0.575075
161						-0.641999	-0.564656	0.575075
161						-0.563478	-0.575737	0.555542
161						-0.563478	-0.575737	0.555542
161						-0.563478	-0.575737	0.555542
161						-0.466982	-0.658898	0.575075
161						-0.466982	-0.658898	0.575075
161						-0.466982	-0.658898	0.575075
161						-0.503174	-0.527872	0.594608
161						-0.503174	-0.527872	0.594608
161						-0.503174	-0.527872	0.594608
161						-0.463562	-0.558141	0.692272
161						-0.463562	-0.558141	0.692272
161						-0.463562	-0.558141	0.692272
161						-0.469665	-0.629656	0.536009
161						-0.469665	-0.629656	0.536009
161						-0.469665	-0.629656	0.536009
161						-0.360634	-0.552087	0.672739
161						-0.360634	-0.552087	0.672739
161						-0.360634	-0.552087	0.672739
161						-0.472436	-0.604979	0.594608
161						-0.472436	-0.604979	0.594608
161						-0.472436	-0.604979	0.594608
161						-0.486658	-0.68106	0.536009
161						-0.486658	-0.68106	0.536009
161						-0.486658	-0.68106	0.536009
161						-0.502105	-0.646791	0.536009
161						-0.502105	-0.646791	0.536009
161						-0.502105	-0.646791	0.536009
161						-0.442457	-0.546033	0.653207
161						-0.442457	-0.546033	0.653207
161						-0.442457	-0.546033	0.653207
161						-0.369645	-0.69522	0.692272
161						-0.369645	-0.69522	0.692272
161						-0.369645	-0.69522	0.692272
161						-0.43934	-0.640737	0.516477
161						-0.43934	-0.640737	0.516477
161						-0.43934	-0.640737	0.516477
161						-0.426112	-0.620062	0.477411
161						-0.426112	-0.620062	0.477411
161						-0.426112	-0.620062	0.477411
161						-0.369955	-0.712355	0.692272
161						-0.369955	-0.712355	0.692272
161						-0.369955	-0.712355	0.692272
161						-0.325467	-0.829683	0.379747
161						-0.325467	-0.829683	0.379747
161						-0.325467	-0.829683	0.379747
161						-0.131379	-0.757141	0.477411
161						-0.131379	-0.757141	0.477411
161						-0.131379	-0.757141	0.477411
161						0.0196143	-1.02571	0.321148
161						0.151509	-0.928388	0.145352
161						0.151509	-0.928388	0.145352
161						0.151509	-0.928388	0.145352
161						0.295721	-0.949524	0.0476882
161						0.295721	-0.949524	0.0476882
161						0.295721	-0.949524	0.0476882
161						0.457043	-0.823526	0.0281554
161						0.457043	-0.823526	0.0281554
161						0.457043	-0.823526	0.0281554
161						0.538035	-0.785819	0.321148
161						0.538035	-0.785819	0.321148
161						0.538035	-0.785819	0.321148
161						0.728031	-0.673417	0.26255
161						0.728031	-0.673417	0.26255
161						0.728031	-0.673417	0.26255
161						0.769829	-0.583176	0.164885
161						0.769829	-0.583176	0.164885
161						0.769829	-0.583176	0.164885
161						0.816838	-0.559988	0.145352
161						0.816838	-0.559988	0.145352
161						0.816838	-0.559988	0.145352
161						0.77464	-0.405312	0.282082
161						0.77464	-0.405312	0.282082
161						0.77464	-0.405312	0.282082
161						0.818038	-0.404286	0.223484
161						0.818038	-0.404286	0.223484
161						0.818038	-0.404286	0.223484
161						0.802938	-0.440043	0.145352
161						0.802938	-0.440043	0.145352
161						0.802938	-0.440043	0.145352
161						0.839328	-0.292447	0.360214
161						0.839328	-0.292447	0.360214
161						0.839328	-0.292447	0.360214
161						0.809333	-0.263667	0.184418
161						0.809333	-0.263667	0.184418
161						0.809333	-0.263667	0.184418
161						0.81327	-0.312096	0.340681
161						0.81327	-0.312096	0.340681
161						0.81327	-0.312096	0.340681
161						0.94726	-0.187124	0.379747
161						0.94726	-0.187124	0.379747
161						0.94726	-0.187124	0.379747
161						0.867108	-0.177992	0.184418
161						0.867108	-0.177992	0.184418
161						0.867108	-0.177992	0.184418
161						0.935838	-0.196718	0.438345
161						0.935838	-0.196718	0.438345
161						0.935838	-0.196718	0.438345
161						0.898976	-0.19169	0.477411
161						0.898976	-0.19169	0.477411
161						0.898976	-0.19169	0.477411
161						0.921481	-0.280802	0.184418
161						0.921481	-0.280802	0.184418
161						0.921481	-0.280802	0.184418
161						0.892807	-0.267207	0.223484
161						0.892807	-0.267207	0.223484
161						0.892807	-0.267207	0.223484
161						0.934947	-0.335285	0.360214
161						0.934947	-0.335285	0.360214
161						0.934947	-0.335285	0.360214
161						0.829335	-0.312096	0.340681
161						0.829335	-0.312096	0.340681
161						0.829335	-0.312096	0.340681
161						0.887111	-0.226422	0.340681
161						0.887111	-0.226422	0.340681
161						0.887111	-0.226422	0.340681
161						0.879492	-0.292447	0.360214
161						0.879492	-0.292447	0.360214
161						0.879492	-0.292447	0.360214
161						0.881627	-0.263667	0.184418
161						0.881627	-0.263667	0.184418
161						0.881627	-0.263667	0.184418
161						0.943958	-0.192152	0.340681
161						0.943958	-0.192152	0.340681
161						0.943958	-0.192152	0.340681
161						0.897258	-0.198205	0.360214
161						0.897258	-0.198205	0.360214
161						0.897258	-0.198205	0.360214
161						0.904568	-0.149315	0.340681
161						0.904568	-0.149315	0.340681
161						0.904568	-0.149315	0.340681
161						1.01594	-0.209287	0.340681
161						1.01594	-0.209287	0.340681
161						1.01594	-0.209287	0.340681
161						0.990281	-0.207235	0.223484
161						0.990281	-0.207235	0.223484
161						0.990281	-0.207235	0.223484
161						0.956288	-0.131718	0.477411
161						0.956288	-0.131718	0.477411
161						0.956288	-0.131718	0.477411
161						0.912426	-0.158446	0.536009
161						0.912426	-0.158446	0.536009
161						0.912426	-0.158446	0.536009
161						1.01544	-0.147827	0.418812
161						1.01544	-0.147827	0.418812
161						1.01544	-0.147827	0.418812
161						0.885494	-0.0494808	0.184418
161						0.885494	-0.0494808	0.184418
161						0.885494	-0.0494808	0.184418
161						0.983065	0.105657	0.457878
161						0.983065	0.105657	0.457878
161						0.983065	0.105657	0.457878
161						0.899847	0.30122	0.379747
161						0.899847	0.30122	0.379747
161						0.899847	0.30122	0.379747
161						0.851873	0.313789	0.477411
161						0.851873	0.313789	0.477411
161						0.851873	0.313789	0.477411
161						0.804656	0.456922	0.457878
161						0.804656	0.456922	0.457878
161						0.804656	0.456922	0.457878
161						0.7406	0.557218	0.438345
161						0.7406	0.557218	0.438345
161						0.7406	0.557218	0.438345
161						0.64056	0.622217	0.477411
161						0.64056	0.622217	0.477411
161						0.64056	0.622217	0.477411
161						0.53825	0.650434	0.496944
161						0.53825	0.650434	0.496944
161						0.53825	0.650434	0.496944
161						0.380519	0.900942	0.379747
161						0.380519	0.900942	0.379747
161						0.380519	0.900942	0.379747
161						0.421731	0.781459	0.516477
161						0.421731	0.781459	0.516477
161						0.421731	0.781459	0.516477
161						0.331153	0.836404	0.477411
161						0.331153	0.836404	0.477411
161						0.331153	0.836404	0.477411
161						0.29993	0.887244	0.672739
161						0.29993	0.887244	0.672739
161						0.29993	0.887244	0.672739
161						0.352981	0.79962	0.457878
161						0.352981	0.79962	0.457878
161						0.352981	0.79962	0.457878
161						0.516664	0.70035	0.418812
161						0.516664	0.70035	0.418812
161						0.516664	0.70035	0.418812
161						0.654954	0.619139	0.653207
161						0.654954	0.619139	0.653207
161						0.654954	0.619139	0.653207
161						0.881805	0.369298	0.243017
161						0.881805	0.369298	0.243017
161						0.881805	0.369298	0.243017
161						0.800271	0.391922	0.418812
161						0.800271	0.391922	0.418812
161						0.800271	0.391922	0.418812
161						0.828636	0.361192	0.379747
161						0.828636	0.361192	0.379747
161						0.828636	0.361192	0.379747
161						0.919332	0.401978	0.496944
161						0.919332	0.401978	0.496944
161						0.919332	0.401978	0.496944
161						0.867478	0.376378	0.164885
161						0.867478	0.376378	0.164885
161						0.867478	0.376378	0.164885
161						0.917238	0.374326	0.282082
161						0.917238	0.374326	0.282082
161						0.917238	0.374326	0.282082
161						0.880551	0.388485	0.12582
161						0.880551	0.388485	0.12582
161						0.880551	0.388485	0.12582
161						0.95348	0.335028	0.243017
161						0.95348	0.335028	0.243017
161						0.95348	0.335028	0.243017
161						0.746871	0.280648	0.0867539
161						0.746871	0.280648	0.0867539
161						0.746871	0.280648	0.0867539
161						0.788096	0.340056	0.282082
161						0.788096	0.340056	0.282082
161						0.788096	0.340056	0.282082
161						0.865555	0.269567	0.0672211
161						0.865555	0.269567	0.0672211
161						0.865555	0.269567	0.0672211
161						0.902706	0.28111	0.223484
161						0.902706	0.28111	0.223484
161						0.902706	0.28111	0.223484
161						0.857889	-0.154804	0.164885
161						0.857889	-0.154804	0.164885
161						0.857889	-0.154804	0.164885
161						0.883863	-0.406338	0.340681
161						0.883863	-0.406338	0.340681
161						0.883863	-0.406338	0.340681
161						0.729703	-0.670338	0.0867539
161						0.729703	-0.670338	0.0867539
161						0.729703	-0.670338	0.0867539
161						0.690551	-0.702659	0.301615
161						0.690551	-0.702659	0.301615
161						0.690551	-0.702659	0.301615
161						0.598581	-0.724821	0.26255
161						0.598581	-0.724821	0.26255
161						0.598581	-0.724821	0.26255
161						0.558021	-0.746522	0.360214
161						0.558021	-0.746522	0.360214
161						0.558021	-0.746522	0.360214
161						0.547991	-0.679008	0.418812
161						0.547991	-0.679008	0.418812
161						0.547991	-0.679008	0.418812
161						0.566538	-0.720255	0.164885
161						0.566538	-0.720255	0.164885
161						0.566538	-0.720255	0.164885
161						0.603638	-0.80044	0.340681
161						0.603638	-0.80044	0.340681
161						0.603638	-0.80044	0.340681
161						0.586231	-0.785819	0.321148
161						0.586231	-0.785819	0.321148
161						0.586231	-0.785819	0.321148
161						0.581557	-0.86739	0.0867539
161						0.581557	-0.86739	0.0867539
161						0.581557	-0.86739	0.0867539
161						0.568256	-0.71374	0.282082
161						0.568256	-0.71374	0.282082
161						0.568256	-0.71374	0.282082
161						0.616865	-0.779766	0.301615
161						0.616865	-0.779766	0.301615
161						0.616865	-0.779766	0.301615
161						0.573693	-0.679932	0.145352
161						0.573693	-0.679932	0.145352
161						0.573693	-0.679932	0.145352
161						0.591096	-0.782844	0.477411
161						0.591096	-0.782844	0.477411
161						0.591096	-0.782844	0.477411
161						0.543472	-0.752011	0.184418
161						0.543472	-0.752011	0.184418
161						0.543472	-0.752011	0.184418
161						0.623586	-0.673981	0.457878
161						0.623586	-0.673981	0.457878
161						0.623586	-0.673981	0.457878
161						0.538344	-0.768684	0.321148
161						0.538344	-0.768684	0.321148
161						0.538344	-0.768684	0.321148
161						0.47919	-0.752576	0.379747
161						0.47919	-0.752576	0.379747
161						0.47919	-0.752576	0.379747
161						0.528778	-0.675469	0.379747
161						0.528778	-0.675469	0.379747
161						0.528778	-0.675469	0.379747
161						0.506869	-0.821577	0.243017
161						0.506869	-0.821577	0.243017
161						0.506869	-0.821577	0.243017
161						0.396197	-0.81106	0.457878
161						0.396197	-0.81106	0.457878
161						0.396197	-0.81106	0.457878
161						0.331714	-0.823629	0.360214
161						0.331714	-0.823629	0.360214
161						0.331714	-0.823629	0.360214
161						0.225124	-0.943573	0.360214
161						0.225124	-0.943573	0.360214
161						0.225124	-0.943573	0.360214
161						0.0760947	-0.921975	0.594608
161						0.0760947	-0.921975	0.594608
161						0.0760947	-0.921975	0.594608
161						-0.218639	-0.784896	0.594608
161						-0.218639	-0.784896	0.594608
161						-0.218639	-0.784896	0.594608
161						-0.427599	-0.523409	0.829002
161						-0.427599	-0.523409	0.829002
161						-0.427599	-0.523409	0.829002
161						-0.512159	-0.313224	0.731338
161						-0.512159	-0.313224	0.731338
161						-0.512159	-0.313224	0.731338
161						-0.507589	-0.148493	0.946199
161						-0.507589	-0.148493	0.946199
161						-0.507589	-0.148493	0.946199
161						-0.503669	-0.109196	0.985265
161						-0.503669	-0.109196	0.985265
161						-0.512058	-0.129768	0.692272
161						-0.512058	-0.129768	0.692272
161						-0.512058	-0.129768	0.692272
161						-0.506846	-0.19682	0.770404
161						-0.506846	-0.19682	0.770404
161						-0.506846	-0.19682	0.770404
161						-0.586362	-0.241145	0.692272
161						-0.586362	-0.241145	0.692272
161						-0.586362	-0.241145	0.692272
161						-0.600601	-0.2295	0.516477
161						-0.600601	-0.2295	0.516477
161						-0.600601	-0.2295	0.516477
161						-0.67613	-0.230526	0.575075
161						-0.67613	-0.230526	0.575075
161						-0.67613	-0.230526	0.575075
161						-0.591971	-0.195794	0.711805
161						-0.591971	-0.195794	0.711805
161						-0.591971	-0.195794	0.711805
161						-0.641508	-0.181173	0.692272
161						-0.641508	-0.181173	0.692272
161						-0.641508	-0.181173	0.692272
161						-0.637897	-0.15901	0.731338
161						-0.637897	-0.15901	0.731338
161						-0.637897	-0.15901	0.731338
161						-0.646481	-0.189279	0.829002
161						-0.646481	-0.189279	0.829002
161						-0.646481	-0.189279	0.829002
161						-0.699579	-0.105092	0.750871
161						-0.699579	-0.105092	0.750871
161						-0.699579	-0.105092	0.750871
161						-0.699462	-0.00936225	0.829002
161						-0.699462	-0.00936225	0.829002
161						-0.699462	-0.00936225	0.829002
161						-0.566245	0.0727724	0.868068
161						-0.566245	0.0727724	0.868068
161						-0.566245	0.0727724	0.868068
161						-0.632947	0.115148	0.731338
161						-0.632947	0.115148	0.731338
161						-0.632947	0.115148	0.731338
161						-0.569389	0.164603	0.516477
161						-0.569389	0.164603	0.516477
161						-0.569389	0.164603	0.516477
161						-0.64984	0.247199	0.692272
161						-0.64984	0.247199	0.692272
161						-0.64984	0.247199	0.692272
161						-0.534841	0.38828	0.789937
161						-0.534841	0.38828	0.789937
161						-0.534841	0.38828	0.789937
161						-0.565751	0.544546	0.672739
161						-0.565751	0.544546	0.672739
161						-0.565751	0.544546	0.672739
161						-0.502986	0.5506	0.653207
161						-0.502986	0.5506	0.653207
161						-0.502986	0.5506	0.653207
161						-0.527924	0.503761	0.555542
161						-0.527924	0.503761	0.555542
161						-0.527924	0.503761	0.555542
161						-0.417531	0.567273	0.516477
161						-0.417531	0.567273	0.516477
161						-0.417531	0.567273	0.516477
161						-0.373468	0.606006	0.750871
161						-0.373468	0.606006	0.750871
161						-0.373468	0.606006	0.750871
161						-0.385216	0.667004	0.692272
161						-0.385216	0.667004	0.692272
161						-0.385216	0.667004	0.692272
161						-0.413339	0.710867	0.633674
161						-0.413339	0.710867	0.633674
161						-0.413339	0.710867	0.633674
161						-0.459295	0.656487	0.477411
161						-0.459295	0.656487	0.477411
161						-0.459295	0.656487	0.477411
161						-0.461756	0.698298	0.536009
161						-0.461756	0.698298	0.536009
161						-0.461756	0.698298	0.536009
161						-0.423436	0.774379	0.594608
161						-0.423436	0.774379	0.594608
161						-0.423436	0.774379	0.594608
161						-0.453193	0.728002	0.633674
161						-0.453193	0.728002	0.633674
161						-0.453193	0.728002	0.633674
161						-0.413665	0.781459	0.516477
161						-0.413665	0.781459	0.516477
161						-0.413665	0.781459	0.516477
161						-0.26285	0.770378	0.496944
161						-0.26285	0.770378	0.496944
161						-0.26285	0.770378	0.496944
161						-0.215965	0.876163	0.653207
161						-0.215965	0.876163	0.653207
161						-0.215965	0.876163	0.653207
161						-0.126332	0.85754	0.575075
161						-0.126332	0.85754	0.575075
161						-0.126332	0.85754	0.575075
161						0.144095	0.886782	0.536009
161						0.144095	0.886782	0.536009
161						0.144095	0.886782	0.536009
161						0.293209	0.781459	0.516477
161						0.293209	0.781459	0.516477
161						0.293209	0.781459	0.516477
161						0.463148	0.762272	0.633674
161						0.463148	0.762272	0.633674
161						0.463148	0.762272	0.633674
161						0.453899	0.694297	0.438345
161						0.453899	0.694297	0.438345
161						0.453899	0.694297	0.438345
161						0.507942	0.573788	0.633674
161						0.507942	0.573788	0.633674
161						0.507942	0.573788	0.633674
161						0.587942	0.64438	0.516477
161						0.587942	0.64438	0.516477
161						0.587942	0.64438	0.516477
161						0.601015	0.656487	0.477411
161						0.601015	0.656487	0.477411
161						0.601015	0.656487	0.477411
161						0.647907	0.583946	0.379747
161						0.647907	0.583946	0.379747
161						0.647907	0.583946	0.379747
161						0.664745	0.626783	0.379747
161						0.664745	0.626783	0.379747
161						0.664745	0.626783	0.379747
161						0.647096	0.628271	0.457878
161						0.647096	0.628271	0.457878
161						0.647096	0.628271	0.457878
161						0.639168	0.54511	0.477411
161						0.639168	0.54511	0.477411
161						0.639168	0.54511	0.477411
161						0.625217	0.573327	0.496944
161						0.625217	0.573327	0.496944
161						0.625217	0.573327	0.496944
161						0.655526	0.649972	0.360214
161						0.655526	0.649972	0.360214
161						0.655526	0.649972	0.360214
161						0.582488	0.698298	0.536009
161						0.582488	0.698298	0.536009
161						0.582488	0.698298	0.536009
161						0.516546	0.604621	0.340681
161						0.516546	0.604621	0.340681
161						0.516546	0.604621	0.340681
161						0.526008	0.594565	0.26255
161						0.526008	0.594565	0.26255
161						0.526008	0.594565	0.26255
161						0.656934	0.639352	0.477411
161						0.656934	0.639352	0.477411
161						0.656934	0.639352	0.477411
161						0.66767	0.610674	0.321148
161						0.66767	0.610674	0.321148
161						0.66767	0.610674	0.321148
161						0.668753	0.670646	0.321148
161						0.668753	0.670646	0.321148
161						0.668753	0.670646	0.321148
161						0.632615	0.626783	0.379747
161						0.632615	0.626783	0.379747
161						0.632615	0.626783	0.379747
161						0.663161	0.628271	0.457878
161						0.663161	0.628271	0.457878
161						0.663161	0.628271	0.457878
161						0.747445	0.580406	0.418812
161						0.747445	0.580406	0.418812
161						0.747445	0.580406	0.418812
161						0.741565	0.52146	0.360214
161						0.741565	0.52146	0.360214
161						0.741565	0.52146	0.360214
161						0.84451	0.439787	0.457878
161						0.84451	0.439787	0.457878
161						0.84451	0.439787	0.457878
161						0.786771	0.266951	0.379747
161						0.786771	0.266951	0.379747
161						0.786771	0.266951	0.379747
161						0.885369	0.0331157	0.360214
161						0.885369	0.0331157	0.360214
161						0.885369	0.0331157	0.360214
161						0.788429	-0.263769	0.516477
161						0.788429	-0.263769	0.516477
161						0.788429	-0.263769	0.516477
161						0.656591	-0.447687	0.418812
161						0.656591	-0.447687	0.418812
161						0.656591	-0.447687	0.418812
161						0.531888	-0.591846	0.496944
161						0.531888	-0.591846	0.496944
161						0.531888	-0.591846	0.496944
161						0.52396	-0.675007	0.516477
161						0.52396	-0.675007	0.516477
161						0.52396	-0.675007	0.516477
161						0.507827	-0.679008	0.418812
161						0.507827	-0.679008	0.418812
161						0.507827	-0.679008	0.418812
161						0.510046	-0.733953	0.457878
161						0.510046	-0.733953	0.457878
161						0.510046	-0.733953	0.457878
161						0.394288	-0.73898	0.418812
161						0.394288	-0.73898	0.418812
161						0.394288	-0.73898	0.418812
161						0.428415	-0.806494	0.360214
161						0.428415	-0.806494	0.360214
161						0.428415	-0.806494	0.360214
161						0.442137	-0.668953	0.496944
161						0.442137	-0.668953	0.496944
161						0.442137	-0.668953	0.496944
161						0.491453	-0.696143	0.418812
161						0.491453	-0.696143	0.418812
161						0.491453	-0.696143	0.418812
161						0.427154	-0.608981	0.496944
161						0.427154	-0.608981	0.496944
161						0.427154	-0.608981	0.496944
161						0.454591	-0.691116	0.457878
161						0.454591	-0.691116	0.457878
161						0.454591	-0.691116	0.457878
161						0.503255	-0.577123	0.145352
161						0.503255	-0.577123	0.145352
161						0.503255	-0.577123	0.145352
161						0.562197	-0.515201	0.360214
161						0.562197	-0.515201	0.360214
161						0.562197	-0.515201	0.360214
161						0.726299	-0.32328	0.653207
161						0.726299	-0.32328	0.653207
161						0.726299	-0.32328	0.653207
161						0.770508	-0.366579	0.516477
161						0.770508	-0.366579	0.516477
161						0.770508	-0.366579	0.516477
161						0.778449	-0.104528	0.555542
161						0.778449	-0.104528	0.555542
161						0.778449	-0.104528	0.555542
161						0.841214	-0.0984741	0.536009
161						0.841214	-0.0984741	0.536009
161						0.841214	-0.0984741	0.536009
161						0.872703	0.133309	0.672739
161						0.872703	0.133309	0.672739
161						0.872703	0.133309	0.672739
161						0.733273	0.241146	0.711805
161						0.733273	0.241146	0.711805
